0.01	0.01	0.08
0.02	0.01	0.07
0.03	0.01	0.05
0.04	0.01	0.07
0.05	0.01	0.08
0.06	0.01	0.08
0.07	0.01	0.08
0.08	0.02	0.08
0.09	0.02	0.10
0.10	0.02	0.07
0.11	0.02	0.07
0.12	0.02	0.10
0.13	0.02	0.10
0.14	0.02	0.12
0.15	0.02	0.11
0.16	0.02	0.10
0.17	0.02	0.11
0.18	0.02	0.11
0.19	0.02	0.11
0.20	0.03	0.12
0.21	0.03	0.11
0.22	0.03	0.08
0.23	0.03	0.10
0.24	0.03	0.14
0.25	0.03	0.13
0.26	0.03	0.13
0.27	0.03	0.12
0.28	0.03	0.14
0.29	0.03	0.14
0.30	0.03	0.12
0.31	0.03	0.14
0.32	0.04	0.13
0.33	0.04	0.12
0.34	0.04	0.15
0.35	0.04	0.16
0.36	0.04	0.16
0.37	0.04	0.15
0.38	0.04	0.13
0.39	0.04	0.16
0.40	0.04	0.20
0.41	0.04	0.18
0.42	0.04	0.19
0.43	0.05	0.18
0.44	0.05	0.16
0.45	0.05	0.16
0.46	0.05	0.14
0.47	0.05	0.17
0.48	0.05	0.19
0.49	0.05	0.19
0.50	0.05	0.16
0.51	0.05	0.17
0.52	0.05	0.21
0.53	0.05	0.22
0.54	0.05	0.23
0.55	0.05	0.23
0.56	0.06	0.22
0.57	0.06	0.22
0.58	0.06	0.23
0.59	0.06	0.23
0.60	0.06	0.22
0.61	0.06	0.22
0.62	0.06	0.23
0.63	0.06	0.21
0.64	0.06	0.22
0.65	0.06	0.23
0.66	0.06	0.26
0.67	0.06	0.26
0.68	0.07	0.24
0.69	0.07	0.25
0.70	0.07	0.27
0.71	0.07	0.25
0.72	0.07	0.26
0.73	0.07	0.30
0.74	0.07	0.28
0.75	0.07	0.29
0.76	0.07	0.29
0.77	0.07	0.29
0.78	0.07	0.31
0.79	0.07	0.30
0.80	0.08	0.30
0.81	0.08	0.32
0.82	0.08	0.35
0.83	0.08	0.34
0.84	0.08	0.32
0.85	0.08	0.32
0.86	0.08	0.31
0.87	0.08	0.33
0.88	0.08	0.36
0.89	0.08	0.34
0.90	0.08	0.35
0.91	0.08	0.38
0.92	0.09	0.39
0.93	0.09	0.37
0.94	0.09	0.39
0.95	0.09	0.40
0.96	0.09	0.38
0.97	0.09	0.39
0.98	0.09	0.42
0.99	0.09	0.42
1.00	0.09	0.41
1.01	0.09	0.42
1.02	0.09	0.44
1.03	0.09	0.47
1.04	0.10	0.44
1.05	0.10	0.45
1.06	0.10	0.46
1.07	0.10	0.44
1.08	0.10	0.44
1.09	0.10	0.44
1.10	0.10	0.48
1.11	0.10	0.50
1.12	0.10	0.48
1.13	0.10	0.48
1.14	0.10	0.50
1.15	0.10	0.53
1.16	0.11	0.53
1.17	0.11	0.54
1.18	0.11	0.55
1.19	0.11	0.54
1.20	0.11	0.57
1.21	0.11	0.58
1.22	0.11	0.58
1.23	0.11	0.58
1.24	0.11	0.58
1.25	0.11	0.61
1.26	0.11	0.62
1.27	0.11	0.62
1.28	0.12	0.63
1.29	0.12	0.65
1.30	0.12	0.65
1.31	0.12	0.68
1.32	0.12	0.69
1.33	0.12	0.70
1.34	0.12	0.70
1.35	0.12	0.71
1.36	0.12	0.72
1.37	0.12	0.73
1.38	0.12	0.76
1.39	0.12	0.74
1.40	0.13	0.75
1.41	0.13	0.77
1.42	0.13	0.78
1.43	0.13	0.81
1.44	0.13	0.80
1.45	0.13	0.81
1.46	0.13	0.84
1.47	0.13	0.85
1.48	0.13	0.89
1.49	0.13	0.87
1.50	0.13	0.89
1.51	0.13	0.93
1.52	0.14	0.95
1.53	0.14	0.93
1.54	0.14	0.94
1.55	0.14	0.97
1.56	0.14	0.99
1.57	0.14	1.00
1.58	0.14	1.01
1.59	0.14	1.03
1.60	0.14	1.05
1.61	0.14	1.08
1.62	0.14	1.11
1.63	0.14	1.12
1.64	0.15	1.16
1.65	0.15	1.16
1.66	0.15	1.16
1.67	0.15	1.19
1.68	0.15	1.21
1.69	0.15	1.21
1.70	0.15	1.23
1.71	0.15	1.23
1.72	0.15	1.24
1.73	0.15	1.26
1.74	0.15	1.29
1.75	0.15	1.33
1.76	0.16	1.35
1.77	0.16	1.37
1.78	0.16	1.40
1.79	0.16	1.42
1.80	0.16	1.45
1.81	0.16	1.46
1.82	0.16	1.47
1.83	0.16	1.45
1.84	0.16	1.44
1.85	0.16	1.49
1.86	0.16	1.54
1.87	0.16	1.56
1.88	0.17	1.60
1.89	0.17	1.65
1.90	0.17	1.68
1.91	0.17	1.71
1.92	0.17	1.77
1.93	0.17	1.82
1.94	0.17	1.84
1.95	0.17	1.89
1.96	0.17	1.95
1.97	0.17	1.98
1.98	0.17	2.02
1.99	0.17	2.06
2.00	0.18	2.13
2.01	0.18	2.21
2.02	0.18	2.24
2.03	0.18	2.31
2.04	0.18	2.38
2.05	0.18	2.42
2.06	0.18	2.45
2.07	0.18	2.45
2.08	0.18	2.45
2.09	0.18	2.51
2.10	0.18	2.57
2.11	0.18	2.60
2.12	0.19	2.65
2.13	0.19	2.76
2.14	0.19	2.82
2.15	0.19	2.87
2.16	0.19	2.92
2.17	0.19	2.96
2.18	0.19	3.00
2.19	0.19	3.04
2.20	0.19	3.07
2.21	0.19	3.11
2.22	0.19	3.16
2.23	0.19	3.23
2.24	0.20	3.31
2.25	0.20	3.41
2.26	0.20	3.49
2.27	0.20	3.58
2.28	0.20	3.67
2.29	0.20	3.75
2.30	0.20	3.81
2.31	0.20	3.87
2.32	0.20	3.96
2.33	0.20	4.03
2.34	0.20	4.06
2.35	0.20	4.14
2.36	0.21	4.25
2.37	0.21	4.34
2.38	0.21	4.46
2.39	0.21	4.53
2.40	0.21	4.62
2.41	0.21	4.68
2.42	0.21	4.78
2.43	0.21	4.91
2.44	0.21	5.01
2.45	0.21	5.14
2.46	0.21	5.25
2.47	0.21	5.35
2.48	0.22	5.45
2.49	0.22	5.57
2.50	0.22	5.67
2.51	0.22	5.72
2.52	0.22	5.72
2.53	0.22	5.70
2.54	0.22	5.70
2.55	0.22	5.70
2.56	0.22	5.70
2.57	0.22	5.77
2.58	0.22	5.86
2.59	0.22	5.97
2.60	0.23	6.13
2.61	0.23	6.27
2.62	0.23	6.40
2.63	0.23	6.51
2.64	0.23	6.63
2.65	0.23	6.70
2.66	0.23	6.74
2.67	0.23	6.79
2.68	0.23	6.84
2.69	0.23	6.92
2.70	0.23	7.02
2.71	0.23	7.13
2.72	0.24	7.22
2.73	0.24	7.34
2.74	0.24	7.48
2.75	0.24	7.60
2.76	0.24	7.69
2.77	0.24	7.77
2.78	0.24	7.79
2.79	0.24	7.77
2.80	0.24	7.78
2.81	0.24	7.79
2.82	0.24	7.82
2.83	0.24	7.91
2.84	0.25	8.00
2.85	0.25	8.14
2.86	0.25	8.30
2.87	0.25	8.44
2.88	0.25	8.56
2.89	0.25	8.66
2.90	0.25	8.71
2.91	0.25	8.71
2.92	0.25	8.71
2.93	0.25	8.71
2.94	0.25	8.72
2.95	0.25	8.74
2.96	0.26	8.77
2.97	0.26	8.85
2.98	0.26	8.95
2.99	0.26	9.02
3.00	0.26	9.08
3.01	0.26	9.15
3.02	0.26	9.18
3.03	0.26	9.23
3.04	0.26	9.25
3.05	0.26	9.25
3.06	0.26	9.31
3.07	0.26	9.33
3.08	0.27	9.32
3.09	0.27	9.30
3.10	0.27	9.27
3.11	0.27	9.23
3.12	0.27	9.16
3.13	0.27	9.12
3.14	0.27	9.10
3.15	0.27	9.12
3.16	0.27	9.12
3.17	0.27	9.11
3.18	0.27	9.13
3.19	0.27	9.14
3.20	0.28	9.16
3.21	0.28	9.15
3.22	0.28	9.10
3.23	0.28	9.09
3.24	0.28	9.11
3.25	0.28	9.09
3.26	0.28	9.05
3.27	0.28	9.06
3.28	0.28	9.09
3.29	0.28	9.11
3.30	0.28	9.12
3.31	0.28	9.11
3.32	0.29	9.15
3.33	0.29	9.17
3.34	0.29	9.15
3.35	0.29	9.12
3.36	0.29	9.09
3.37	0.29	9.11
3.38	0.29	9.10
3.39	0.29	9.06
3.40	0.29	9.09
3.41	0.29	9.11
3.42	0.29	9.13
3.43	0.29	9.17
3.44	0.30	9.19
3.45	0.30	9.20
3.46	0.30	9.17
3.47	0.30	9.15
3.48	0.30	9.13
3.49	0.30	9.08
3.50	0.30	9.05
3.51	0.30	9.06
3.52	0.30	9.08
3.53	0.30	9.09
3.54	0.30	9.10
3.55	0.30	9.13
3.56	0.31	9.15
3.57	0.31	9.19
3.58	0.31	9.19
3.59	0.31	9.19
3.60	0.31	9.15
3.61	0.31	9.09
3.62	0.31	9.09
3.63	0.31	9.06
3.64	0.31	9.05
3.65	0.31	9.10
3.66	0.31	9.12
3.67	0.31	9.13
3.68	0.32	9.18
3.69	0.32	9.20
3.70	0.32	9.19
3.71	0.32	9.18
3.72	0.32	9.16
3.73	0.32	9.14
3.74	0.32	9.11
3.75	0.32	9.07
3.76	0.32	9.06
3.77	0.32	9.10
3.78	0.32	9.11
3.79	0.32	9.12
3.80	0.33	9.17
3.81	0.33	9.22
3.82	0.33	9.25
3.83	0.33	9.29
3.84	0.33	9.38
3.85	0.33	9.47
3.86	0.33	9.60
3.87	0.33	9.72
3.88	0.33	9.80
3.89	0.33	9.87
3.90	0.33	9.92
3.91	0.33	10.00
3.92	0.34	10.07
3.93	0.34	10.12
3.94	0.34	10.14
3.95	0.34	10.15
3.96	0.34	10.18
3.97	0.34	10.16
3.98	0.34	10.11
3.99	0.34	10.09
4.00	0.34	10.12
4.01	0.34	10.16
4.02	0.34	10.17
4.03	0.34	10.20
4.04	0.35	10.25
4.05	0.35	10.25
4.06	0.35	10.24
4.07	0.35	10.24
4.08	0.35	10.21
4.09	0.35	10.17
4.10	0.35	10.14
4.11	0.35	10.10
4.12	0.35	10.08
4.13	0.35	10.06
4.14	0.35	10.09
4.15	0.35	10.17
4.16	0.36	10.22
4.17	0.36	10.25
4.18	0.36	10.29
4.19	0.36	10.30
4.20	0.36	10.23
4.21	0.36	10.17
4.22	0.36	10.12
4.23	0.36	10.08
4.24	0.36	10.05
4.25	0.36	10.05
4.26	0.36	10.09
4.27	0.36	10.15
4.28	0.37	10.22
4.29	0.37	10.27
4.30	0.37	10.28
4.31	0.37	10.30
4.32	0.37	10.30
4.33	0.37	10.24
4.34	0.37	10.20
4.35	0.37	10.14
4.36	0.37	10.08
4.37	0.37	10.04
4.38	0.37	10.04
4.39	0.37	10.07
4.40	0.38	10.13
4.41	0.38	10.20
4.42	0.38	10.25
4.43	0.38	10.30
4.44	0.38	10.33
4.45	0.38	10.30
4.46	0.38	10.27
4.47	0.38	10.20
4.48	0.38	10.15
4.49	0.38	10.10
4.50	0.38	10.05
4.51	0.38	10.05
4.52	0.39	10.07
4.53	0.39	10.13
4.54	0.39	10.20
4.55	0.39	10.24
4.56	0.39	10.29
4.57	0.39	10.30
4.58	0.39	10.29
4.59	0.39	10.25
4.60	0.39	10.18
4.61	0.39	10.13
4.62	0.39	10.09
4.63	0.39	10.05
4.64	0.40	10.05
4.65	0.40	10.09
4.66	0.40	10.13
4.67	0.40	10.19
4.68	0.40	10.23
4.69	0.40	10.26
4.70	0.40	10.29
4.71	0.40	10.27
4.72	0.40	10.21
4.73	0.40	10.19
4.74	0.40	10.16
4.75	0.40	10.11
4.76	0.41	10.07
4.77	0.41	10.07
4.78	0.41	10.11
4.79	0.41	10.14
4.80	0.41	10.19
4.81	0.41	10.23
4.82	0.41	10.26
4.83	0.41	10.30
4.84	0.41	10.26
4.85	0.41	10.20
4.86	0.41	10.17
4.87	0.41	10.15
4.88	0.42	10.10
4.89	0.42	10.08
4.90	0.42	10.13
4.91	0.42	10.16
4.92	0.42	10.18
4.93	0.42	10.23
4.94	0.42	10.27
4.95	0.42	10.26
4.96	0.42	10.26
4.97	0.42	10.28
4.98	0.42	10.23
4.99	0.42	10.16
5.00	0.43	10.15
5.01	0.43	10.12
5.02	0.43	10.11
5.03	0.43	10.11
5.04	0.43	10.14
5.05	0.43	10.24
5.06	0.43	10.27
5.07	0.43	10.27
5.08	0.43	10.28
5.09	0.43	10.27
5.10	0.43	10.25
5.11	0.43	10.20
5.12	0.44	10.15
5.13	0.44	10.11
5.14	0.44	10.09
5.15	0.44	10.10
5.16	0.44	10.10
5.17	0.44	10.15
5.18	0.44	10.24
5.19	0.44	10.30
5.20	0.44	10.30
5.21	0.44	10.31
5.22	0.44	10.30
5.23	0.44	10.24
5.24	0.45	10.20
5.25	0.45	10.16
5.26	0.45	10.12
5.27	0.45	10.10
5.28	0.45	10.10
5.29	0.45	10.11
5.30	0.45	10.15
5.31	0.45	10.21
5.32	0.45	10.27
5.33	0.45	10.32
5.34	0.45	10.31
5.35	0.45	10.28
5.36	0.46	10.26
5.37	0.46	10.20
5.38	0.46	10.16
5.39	0.46	10.08
5.40	0.46	10.06
5.41	0.46	10.10
5.42	0.46	10.10
5.43	0.46	10.18
5.44	0.46	10.27
5.45	0.46	10.32
5.46	0.46	10.32
5.47	0.46	10.33
5.48	0.47	10.34
5.49	0.47	10.29
5.50	0.47	10.23
5.51	0.47	10.18
5.52	0.47	10.11
5.53	0.47	10.06
5.54	0.47	10.07
5.55	0.47	10.09
5.56	0.47	10.16
5.57	0.47	10.23
5.58	0.47	10.28
5.59	0.47	10.31
5.60	0.48	10.32
5.61	0.48	10.32
5.62	0.48	10.27
5.63	0.48	10.20
5.64	0.48	10.17
5.65	0.48	10.16
5.66	0.48	10.14
5.67	0.48	10.12
5.68	0.48	10.15
5.69	0.48	10.19
5.70	0.48	10.25
5.71	0.48	10.31
5.72	0.49	10.31
5.73	0.49	10.29
5.74	0.49	10.26
5.75	0.49	10.22
5.76	0.49	10.19
5.77	0.49	10.17
5.78	0.49	10.14
5.79	0.49	10.12
5.80	0.49	10.14
5.81	0.49	10.19
5.82	0.49	10.23
5.83	0.49	10.26
5.84	0.50	10.28
5.85	0.50	10.29
5.86	0.50	10.27
5.87	0.50	10.26
5.88	0.50	10.23
5.89	0.50	10.19
5.90	0.50	10.16
5.91	0.50	10.15
5.92	0.50	10.17
5.93	0.50	10.17
5.94	0.50	10.20
5.95	0.50	10.26
5.96	0.51	10.32
5.97	0.51	10.32
5.98	0.51	10.30
5.99	0.51	10.32
6.00	0.51	10.30
6.01	0.51	10.24
6.02	0.51	10.18
6.03	0.51	10.14
6.04	0.51	10.14
6.05	0.51	10.16
6.06	0.51	10.22
6.07	0.51	10.26
6.08	0.52	10.31
6.09	0.52	10.36
6.10	0.52	10.34
6.11	0.52	10.32
6.12	0.52	10.32
6.13	0.52	10.30
6.14	0.52	10.25
6.15	0.52	10.17
6.16	0.52	10.14
6.17	0.52	10.16
6.18	0.52	10.16
6.19	0.52	10.17
6.20	0.53	10.25
6.21	0.53	10.32
6.22	0.53	10.35
6.23	0.53	10.35
6.24	0.53	10.33
6.25	0.53	10.33
6.26	0.53	10.30
6.27	0.53	10.23
6.28	0.53	10.17
6.29	0.53	10.12
6.30	0.53	10.11
6.31	0.53	10.15
6.32	0.54	10.20
6.33	0.54	10.26
6.34	0.54	10.31
6.35	0.54	10.37
6.36	0.54	10.37
6.37	0.54	10.35
6.38	0.54	10.32
6.39	0.54	10.28
6.40	0.54	10.25
6.41	0.54	10.17
6.42	0.54	10.12
6.43	0.54	10.11
6.44	0.55	10.14
6.45	0.55	10.22
6.46	0.55	10.29
6.47	0.55	10.31
6.48	0.55	10.35
6.49	0.55	10.38
6.50	0.55	10.35
6.51	0.55	10.32
6.52	0.55	10.32
6.53	0.55	10.26
6.54	0.55	10.21
6.55	0.55	10.18
6.56	0.56	10.20
6.57	0.56	10.24
6.58	0.56	10.28
6.59	0.56	10.34
6.60	0.56	10.39
6.61	0.56	10.41
6.62	0.56	10.41
6.63	0.56	10.40
6.64	0.56	10.36
6.65	0.56	10.33
6.66	0.56	10.30
6.67	0.56	10.28
6.68	0.57	10.26
6.69	0.57	10.27
6.70	0.57	10.32
6.71	0.57	10.36
6.72	0.57	10.39
6.73	0.57	10.42
6.74	0.57	10.43
6.75	0.57	10.43
6.76	0.57	10.43
6.77	0.57	10.36
6.78	0.57	10.30
6.79	0.57	10.27
6.80	0.58	10.28
6.81	0.58	10.28
6.82	0.58	10.28
6.83	0.58	10.34
6.84	0.58	10.38
6.85	0.58	10.43
6.86	0.58	10.44
6.87	0.58	10.42
6.88	0.58	10.42
6.89	0.58	10.38
6.90	0.58	10.34
6.91	0.58	10.31
6.92	0.59	10.28
6.93	0.59	10.29
6.94	0.59	10.28
6.95	0.59	10.28
6.96	0.59	10.34
6.97	0.59	10.39
6.98	0.59	10.41
6.99	0.59	10.44
7.00	0.59	10.43
7.01	0.59	10.41
7.02	0.59	10.38
7.03	0.59	10.34
7.04	0.60	10.30
7.05	0.60	10.25
7.06	0.60	10.23
7.07	0.60	10.26
7.08	0.60	10.32
7.09	0.60	10.34
7.10	0.60	10.37
7.11	0.60	10.41
7.12	0.60	10.42
7.13	0.60	10.44
7.14	0.60	10.39
7.15	0.60	10.37
7.16	0.61	10.36
7.17	0.61	10.28
7.18	0.61	10.23
7.19	0.61	10.21
7.20	0.61	10.26
7.21	0.61	10.30
7.22	0.61	10.35
7.23	0.61	10.39
7.24	0.61	10.43
7.25	0.61	10.45
7.26	0.61	10.42
7.27	0.61	10.42
7.28	0.62	10.38
7.29	0.62	10.31
7.30	0.62	10.26
7.31	0.62	10.27
7.32	0.62	10.28
7.33	0.62	10.27
7.34	0.62	10.31
7.35	0.62	10.37
7.36	0.62	10.42
7.37	0.62	10.42
7.38	0.62	10.42
7.39	0.62	10.43
7.40	0.63	10.42
7.41	0.63	10.40
7.42	0.63	10.36
7.43	0.63	10.31
7.44	0.63	10.26
7.45	0.63	10.27
7.46	0.63	10.31
7.47	0.63	10.34
7.48	0.63	10.39
7.49	0.63	10.42
7.50	0.63	10.44
7.51	0.63	10.45
7.52	0.64	10.42
7.53	0.64	10.42
7.54	0.64	10.40
7.55	0.64	10.36
7.56	0.64	10.34
7.57	0.64	10.33
7.58	0.64	10.32
7.59	0.64	10.33
7.60	0.64	10.38
7.61	0.64	10.43
7.62	0.64	10.46
7.63	0.64	10.48
7.64	0.65	10.46
7.65	0.65	10.43
7.66	0.65	10.42
7.67	0.65	10.40
7.68	0.65	10.37
7.69	0.65	10.33
7.70	0.65	10.33
7.71	0.65	10.34
7.72	0.65	10.37
7.73	0.65	10.39
7.74	0.65	10.42
7.75	0.65	10.48
7.76	0.66	10.51
7.77	0.66	10.51
7.78	0.66	10.49
7.79	0.66	10.44
7.80	0.66	10.41
7.81	0.66	10.38
7.82	0.66	10.37
7.83	0.66	10.37
7.84	0.66	10.39
7.85	0.66	10.42
7.86	0.66	10.41
7.87	0.66	10.42
7.88	0.67	10.46
7.89	0.67	10.49
7.90	0.67	10.53
7.91	0.67	10.54
7.92	0.67	10.50
7.93	0.67	10.43
7.94	0.67	10.43
7.95	0.67	10.42
7.96	0.67	10.42
7.97	0.67	10.45
7.98	0.67	10.44
7.99	0.67	10.44
8.00	0.68	10.49
8.01	0.68	10.53
8.02	0.68	10.55
8.03	0.68	10.57
8.04	0.68	10.60
8.05	0.68	10.58
8.06	0.68	10.48
8.07	0.68	10.44
8.08	0.68	10.46
8.09	0.68	10.46
8.10	0.68	10.48
8.11	0.68	10.50
8.12	0.69	10.53
8.13	0.69	10.57
8.14	0.69	10.61
8.15	0.69	10.65
8.16	0.69	10.66
8.17	0.69	10.69
8.18	0.69	10.70
8.19	0.69	10.67
8.20	0.69	10.66
8.21	0.69	10.66
8.22	0.69	10.62
8.23	0.69	10.60
8.24	0.70	10.61
8.25	0.70	10.66
8.26	0.70	10.75
8.27	0.70	10.80
8.28	0.70	10.81
8.29	0.70	10.84
8.30	0.70	10.86
8.31	0.70	10.89
8.32	0.70	10.88
8.33	0.70	10.86
8.34	0.70	10.86
8.35	0.70	10.86
8.36	0.71	10.84
8.37	0.71	10.85
8.38	0.71	10.90
8.39	0.71	10.97
8.40	0.71	11.03
8.41	0.71	11.07
8.42	0.71	11.13
8.43	0.71	11.19
8.44	0.71	11.22
8.45	0.71	11.27
8.46	0.71	11.34
8.47	0.71	11.36
8.48	0.72	11.42
8.49	0.72	11.51
8.50	0.72	11.59
8.51	0.72	11.66
8.52	0.72	11.75
8.53	0.72	11.82
8.54	0.72	11.85
8.55	0.72	11.90
8.56	0.72	11.93
8.57	0.72	11.94
8.58	0.72	11.99
8.59	0.72	12.05
8.60	0.73	12.07
8.61	0.73	12.11
8.62	0.73	12.16
8.63	0.73	12.16
8.64	0.73	12.15
8.65	0.73	12.15
8.66	0.73	12.18
8.67	0.73	12.19
8.68	0.73	12.17
8.69	0.73	12.22
8.70	0.73	12.24
8.71	0.73	12.26
8.72	0.74	12.31
8.73	0.74	12.35
8.74	0.74	12.37
8.75	0.74	12.39
8.76	0.74	12.40
8.77	0.74	12.40
8.78	0.74	12.39
8.79	0.74	12.37
8.80	0.74	12.38
8.81	0.74	12.40
8.82	0.74	12.45
8.83	0.74	12.52
8.84	0.75	12.56
8.85	0.75	12.55
8.86	0.75	12.55
8.87	0.75	12.55
8.88	0.75	12.57
8.89	0.75	12.58
8.90	0.75	12.58
8.91	0.75	12.57
8.92	0.75	12.57
8.93	0.75	12.59
8.94	0.75	12.63
8.95	0.75	12.66
8.96	0.76	12.69
8.97	0.76	12.73
8.98	0.76	12.74
8.99	0.76	12.74
9.00	0.76	12.75
9.01	0.76	12.74
9.02	0.76	12.74
9.03	0.76	12.75
9.04	0.76	12.76
9.05	0.76	12.75
9.06	0.76	12.75
9.07	0.77	12.76
9.08	0.77	12.78
9.09	0.77	12.81
9.10	0.77	12.80
9.11	0.77	12.81
9.12	0.77	12.82
9.13	0.77	12.83
9.14	0.77	12.85
9.15	0.77	12.84
9.16	0.77	12.84
9.17	0.77	12.86
9.18	0.77	12.85
9.19	0.77	12.86
9.20	0.78	12.87
9.21	0.78	12.87
9.22	0.78	12.86
9.23	0.78	12.87
9.24	0.78	12.89
9.25	0.78	12.87
9.26	0.78	12.88
9.27	0.78	12.89
9.28	0.78	12.88
9.29	0.78	12.90
9.30	0.78	12.90
9.31	0.78	12.89
9.32	0.79	12.88
9.33	0.79	12.91
9.34	0.79	12.93
9.35	0.79	12.93
9.36	0.79	12.92
9.37	0.79	12.91
9.38	0.79	12.94
9.39	0.79	12.94
9.40	0.79	12.93
9.41	0.79	12.96
9.42	0.79	12.98
9.43	0.79	12.97
9.44	0.80	12.95
9.45	0.80	12.97
9.46	0.80	12.97
9.47	0.80	12.96
9.48	0.80	12.97
9.49	0.80	12.97
9.50	0.80	13.01
9.51	0.80	13.00
9.52	0.80	12.98
9.53	0.80	12.95
9.54	0.80	12.95
9.55	0.80	12.98
9.56	0.81	12.97
9.57	0.81	12.97
9.58	0.81	12.96
9.59	0.81	12.98
9.60	0.81	13.00
9.61	0.81	12.99
9.62	0.81	13.02
9.63	0.81	13.01
9.64	0.81	12.99
9.65	0.81	13.01
9.66	0.81	13.02
9.67	0.81	13.01
9.68	0.82	13.00
9.69	0.82	13.00
9.70	0.82	13.00
9.71	0.82	13.01
9.72	0.82	13.02
9.73	0.82	13.04
9.74	0.82	13.04
9.75	0.82	13.03
9.76	0.82	13.01
9.77	0.82	13.04
9.78	0.82	13.08
9.79	0.82	13.10
9.80	0.83	13.10
9.81	0.83	13.12
9.82	0.83	13.12
9.83	0.83	13.13
9.84	0.83	13.14
9.85	0.83	13.16
9.86	0.83	13.16
9.87	0.83	13.15
9.88	0.83	13.17
9.89	0.83	13.17
9.90	0.83	13.17
9.91	0.83	13.16
9.92	0.84	13.17
9.93	0.84	13.20
9.94	0.84	13.19
9.95	0.84	13.18
9.96	0.84	13.19
9.97	0.84	13.19
9.98	0.84	13.18
9.99	0.84	13.20
10.00	0.84	13.23
10.01	0.84	13.23
10.02	0.84	13.24
10.03	0.84	13.24
10.04	0.85	13.24
10.05	0.85	13.25
10.06	0.85	13.28
10.07	0.85	13.28
10.08	0.85	13.28
10.09	0.85	13.28
10.10	0.85	13.27
10.11	0.85	13.28
10.12	0.85	13.28
10.13	0.85	13.29
10.14	0.85	13.28
10.15	0.85	13.29
10.16	0.86	13.28
10.17	0.86	13.26
10.18	0.86	13.30
10.19	0.86	13.29
10.20	0.86	13.28
10.21	0.86	13.31
10.22	0.86	13.32
10.23	0.86	13.34
10.24	0.86	13.33
10.25	0.86	13.33
10.26	0.86	13.34
10.27	0.86	13.34
10.28	0.87	13.35
10.29	0.87	13.34
10.30	0.87	13.35
10.31	0.87	13.36
10.32	0.87	13.39
10.33	0.87	13.39
10.34	0.87	13.37
10.35	0.87	13.37
10.36	0.87	13.36
10.37	0.87	13.41
10.38	0.87	13.42
10.39	0.87	13.40
10.40	0.88	13.42
10.41	0.88	13.40
10.42	0.88	13.42
10.43	0.88	13.40
10.44	0.88	13.39
10.45	0.88	13.41
10.46	0.88	13.41
10.47	0.88	13.42
10.48	0.88	13.45
10.49	0.88	13.46
10.50	0.88	13.45
10.51	0.88	13.47
10.52	0.89	13.49
10.53	0.89	13.49
10.54	0.89	13.50
10.55	0.89	13.49
10.56	0.89	13.52
10.57	0.89	13.53
10.58	0.89	13.52
10.59	0.89	13.54
10.60	0.89	13.56
10.61	0.89	13.56
10.62	0.89	13.55
10.63	0.89	13.55
10.64	0.90	13.54
10.65	0.90	13.55
10.66	0.90	13.57
10.67	0.90	13.57
10.68	0.90	13.59
10.69	0.90	13.60
10.70	0.90	13.61
10.71	0.90	13.62
10.72	0.90	13.65
10.73	0.90	13.66
10.74	0.90	13.66
10.75	0.90	13.68
10.76	0.91	13.70
10.77	0.91	13.71
10.78	0.91	13.72
10.79	0.91	13.72
10.80	0.91	13.74
10.81	0.91	13.74
10.82	0.91	13.78
10.83	0.91	13.80
10.84	0.91	13.82
10.85	0.91	13.83
10.86	0.91	13.83
10.87	0.91	13.82
10.88	0.92	13.82
10.89	0.92	13.83
10.90	0.92	13.83
10.91	0.92	13.84
10.92	0.92	13.87
10.93	0.92	13.89
10.94	0.92	13.91
10.95	0.92	13.90
10.96	0.92	13.90
10.97	0.92	13.90
10.98	0.92	13.92
10.99	0.92	13.93
11.00	0.93	13.93
11.01	0.93	13.93
11.02	0.93	13.89
11.03	0.93	13.89
11.04	0.93	13.91
11.05	0.93	13.93
11.06	0.93	13.91
11.07	0.93	13.91
11.08	0.93	13.95
11.09	0.93	13.94
11.10	0.93	13.93
11.11	0.93	13.94
11.12	0.94	13.96
11.13	0.94	13.97
11.14	0.94	13.93
11.15	0.94	13.94
11.16	0.94	13.95
11.17	0.94	13.96
11.18	0.94	13.97
11.19	0.94	13.95
11.20	0.94	13.96
11.21	0.94	13.97
11.22	0.94	13.98
11.23	0.94	13.99
11.24	0.95	13.98
11.25	0.95	13.98
11.26	0.95	13.96
11.27	0.95	13.96
11.28	0.95	13.97
11.29	0.95	13.98
11.30	0.95	13.98
11.31	0.95	13.99
11.32	0.95	13.99
11.33	0.95	13.98
11.34	0.95	13.98
11.35	0.95	13.99
11.36	0.96	14.00
11.37	0.96	14.00
11.38	0.96	14.02
11.39	0.96	13.99
11.40	0.96	14.00
11.41	0.96	14.04
11.42	0.96	14.04
11.43	0.96	14.05
11.44	0.96	14.05
11.45	0.96	14.06
11.46	0.96	14.09
11.47	0.96	14.10
11.48	0.97	14.09
11.49	0.97	14.12
11.50	0.97	14.12
11.51	0.97	14.11
11.52	0.97	14.13
11.53	0.97	14.14
11.54	0.97	14.12
11.55	0.97	14.12
11.56	0.97	14.11
11.57	0.97	14.11
11.58	0.97	14.11
11.59	0.97	14.14
11.60	0.98	14.19
11.61	0.98	14.22
11.62	0.98	14.27
11.63	0.98	14.32
11.64	0.98	14.34
11.65	0.98	14.31
11.66	0.98	14.28
11.67	0.98	14.29
11.68	0.98	14.29
11.69	0.98	14.30
11.70	0.98	14.33
11.71	0.98	14.34
11.72	0.99	14.37
11.73	0.99	14.41
11.74	0.99	14.44
11.75	0.99	14.46
11.76	0.99	14.48
11.77	0.99	14.52
11.78	0.99	14.53
11.79	0.99	14.55
11.80	0.99	14.57
11.81	0.99	14.58
11.82	0.99	14.62
11.83	0.99	14.65
11.84	1.00	14.69
11.85	1.00	14.74
11.86	1.00	14.77
11.87	1.00	14.77
11.88	1.00	14.82
11.89	1.00	14.86
11.90	1.00	14.86
11.91	1.00	14.87
11.92	1.00	14.87
11.93	1.00	14.89
11.94	1.00	14.93
11.95	1.00	14.97
11.96	1.01	15.06
11.97	1.01	15.11
11.98	1.01	15.17
11.99	1.01	15.23
12.00	1.01	15.27
12.01	1.01	15.28
12.02	1.01	15.29
12.03	1.01	15.31
12.04	1.01	15.30
12.05	1.01	15.34
12.06	1.01	15.40
12.07	1.01	15.45
12.08	1.02	15.51
12.09	1.02	15.58
12.10	1.02	15.68
12.11	1.02	15.75
12.12	1.02	15.79
12.13	1.02	15.84
12.14	1.02	15.86
12.15	1.02	15.89
12.16	1.02	15.97
12.17	1.02	16.06
12.18	1.02	16.19
12.19	1.02	16.32
12.20	1.03	16.46
12.21	1.03	16.61
12.22	1.03	16.71
12.23	1.03	16.80
12.24	1.03	16.90
12.25	1.03	17.00
12.26	1.03	17.09
12.27	1.03	17.18
12.28	1.03	17.31
12.29	1.03	17.43
12.30	1.03	17.51
12.31	1.03	17.61
12.32	1.04	17.74
12.33	1.04	17.85
12.34	1.04	17.96
12.35	1.04	18.07
12.36	1.04	18.14
12.37	1.04	18.20
12.38	1.04	18.29
12.39	1.04	18.38
12.40	1.04	18.47
12.41	1.04	18.56
12.42	1.04	18.65
12.43	1.04	18.78
12.44	1.05	18.88
12.45	1.05	18.98
12.46	1.05	19.12
12.47	1.05	19.25
12.48	1.05	19.32
12.49	1.05	19.40
12.50	1.05	19.51
12.51	1.05	19.59
12.52	1.05	19.68
12.53	1.05	19.77
12.54	1.05	19.86
12.55	1.05	19.95
12.56	1.06	20.07
12.57	1.06	20.21
12.58	1.06	20.32
12.59	1.06	20.43
12.60	1.06	20.54
12.61	1.06	20.65
12.62	1.06	20.76
12.63	1.06	20.85
12.64	1.06	20.96
12.65	1.06	21.07
12.66	1.06	21.19
12.67	1.06	21.29
12.68	1.07	21.43
12.69	1.07	21.55
12.70	1.07	21.65
12.71	1.07	21.79
12.72	1.07	21.91
12.73	1.07	22.03
12.74	1.07	22.16
12.75	1.07	22.28
12.76	1.07	22.39
12.77	1.07	22.56
12.78	1.07	22.69
12.79	1.07	22.79
12.80	1.08	22.95
12.81	1.08	23.07
12.82	1.08	23.21
12.83	1.08	23.34
12.84	1.08	23.48
12.85	1.08	23.59
12.86	1.08	23.71
12.87	1.08	23.87
12.88	1.08	24.01
12.89	1.08	24.14
12.90	1.08	24.27
12.91	1.08	24.41
12.92	1.09	24.52
12.93	1.09	24.64
12.94	1.09	24.78
12.95	1.09	24.91
12.96	1.09	25.03
12.97	1.09	25.16
12.98	1.09	25.31
12.99	1.09	25.44
13.00	1.09	25.56
13.01	1.09	25.68
13.02	1.09	25.80
13.03	1.09	25.95
13.04	1.10	26.07
13.05	1.10	26.19
13.06	1.10	26.33
13.07	1.10	26.45
13.08	1.10	26.58
13.09	1.10	26.72
13.10	1.10	26.86
13.11	1.10	27.00
13.12	1.10	27.13
13.13	1.10	27.25
13.14	1.10	27.38
13.15	1.10	27.50
13.16	1.11	27.63
13.17	1.11	27.75
13.18	1.11	27.87
13.19	1.11	28.01
13.20	1.11	28.15
13.21	1.11	28.29
13.22	1.11	28.43
13.23	1.11	28.59
13.24	1.11	28.72
13.25	1.11	28.85
13.26	1.11	28.98
13.27	1.11	29.10
13.28	1.12	29.22
13.29	1.12	29.36
13.30	1.12	29.47
13.31	1.12	29.58
13.32	1.12	29.74
13.33	1.12	29.87
13.34	1.12	29.99
13.35	1.12	30.12
13.36	1.12	30.27
13.37	1.12	30.43
13.38	1.12	30.56
13.39	1.13	30.68
13.40	1.13	30.81
13.41	1.13	30.96
13.42	1.13	31.09
13.43	1.13	31.22
13.44	1.13	31.36
13.45	1.13	31.49
13.46	1.13	31.61
13.47	1.13	31.75
13.48	1.13	31.89
13.49	1.13	31.99
13.50	1.13	32.13
13.51	1.13	32.29
13.52	1.14	32.42
13.53	1.14	32.55
13.54	1.14	32.71
13.55	1.14	32.82
13.56	1.14	32.94
13.57	1.14	33.08
13.58	1.14	33.24
13.59	1.14	33.35
13.60	1.14	33.46
13.61	1.14	33.59
13.62	1.14	33.72
13.63	1.14	33.87
13.64	1.15	34.00
13.65	1.15	34.13
13.66	1.15	34.28
13.67	1.15	34.41
13.68	1.15	34.55
13.69	1.15	34.69
13.70	1.15	34.82
13.71	1.15	34.95
13.72	1.15	35.09
13.73	1.15	35.23
13.74	1.15	35.34
13.75	1.15	35.48
13.76	1.16	35.63
13.77	1.16	35.75
13.78	1.16	35.89
13.79	1.16	36.05
13.80	1.16	36.15
13.81	1.16	36.26
13.82	1.16	36.42
13.83	1.16	36.57
13.84	1.16	36.71
13.85	1.16	36.87
13.86	1.16	36.99
13.87	1.16	37.12
13.88	1.17	37.26
13.89	1.17	37.38
13.90	1.17	37.51
13.91	1.17	37.64
13.92	1.17	37.76
13.93	1.17	37.89
13.94	1.17	38.03
13.95	1.17	38.17
13.96	1.17	38.30
13.97	1.17	38.43
13.98	1.17	38.56
13.99	1.17	38.68
14.00	1.18	38.80
14.01	1.18	38.94
14.02	1.18	39.05
14.03	1.18	39.18
14.04	1.18	39.31
14.05	1.18	39.45
14.06	1.18	39.59
14.07	1.18	39.71
14.08	1.18	39.82
14.09	1.18	39.96
14.10	1.18	40.12
14.11	1.18	40.23
14.12	1.19	40.33
14.13	1.19	40.46
14.14	1.19	40.61
14.15	1.19	40.74
14.16	1.19	40.88
14.17	1.19	41.01
14.18	1.19	41.15
14.19	1.19	41.27
14.20	1.19	41.37
14.21	1.19	41.50
14.22	1.19	41.65
14.23	1.19	41.76
14.24	1.20	41.87
14.25	1.20	42.00
14.26	1.20	42.14
14.27	1.20	42.28
14.28	1.20	42.42
14.29	1.20	42.55
14.30	1.20	42.68
14.31	1.20	42.81
14.32	1.20	42.96
14.33	1.20	43.09
14.34	1.20	43.18
14.35	1.20	43.30
14.36	1.21	43.43
14.37	1.21	43.56
14.38	1.21	43.69
14.39	1.21	43.81
14.40	1.21	43.94
14.41	1.21	44.06
14.42	1.21	44.19
14.43	1.21	44.34
14.44	1.21	44.46
14.45	1.21	44.61
14.46	1.21	44.72
14.47	1.21	44.83
14.48	1.22	44.96
14.49	1.22	45.11
14.50	1.22	45.22
14.51	1.22	45.31
14.52	1.22	45.44
14.53	1.22	45.58
14.54	1.22	45.74
14.55	1.22	45.85
14.56	1.22	45.95
14.57	1.22	46.09
14.58	1.22	46.22
14.59	1.22	46.33
14.60	1.23	46.48
14.61	1.23	46.62
14.62	1.23	46.73
14.63	1.23	46.85
14.64	1.23	46.98
14.65	1.23	47.09
14.66	1.23	47.23
14.67	1.23	47.33
14.68	1.23	47.43
14.69	1.23	47.57
14.70	1.23	47.69
14.71	1.23	47.79
14.72	1.24	47.91
14.73	1.24	48.05
14.74	1.24	48.18
14.75	1.24	48.31
14.76	1.24	48.44
14.77	1.24	48.54
14.78	1.24	48.65
14.79	1.24	48.80
14.80	1.24	48.92
14.81	1.24	49.05
14.82	1.24	49.16
14.83	1.24	49.26
14.84	1.25	49.38
14.85	1.25	49.51
14.86	1.25	49.65
14.87	1.25	49.75
14.88	1.25	49.86
14.89	1.25	50.00
14.90	1.25	50.14
14.91	1.25	50.26
14.92	1.25	50.38
14.93	1.25	50.51
14.94	1.25	50.63
14.95	1.25	50.76
14.96	1.26	50.88
14.97	1.26	50.99
14.98	1.26	51.11
14.99	1.26	51.22
15.00	1.26	51.35
15.01	1.26	51.46
15.02	1.26	51.58
15.03	1.26	51.71
15.04	1.26	51.83
15.05	1.26	51.94
15.06	1.26	52.06
15.07	1.26	52.18
15.08	1.27	52.30
15.09	1.27	52.43
15.10	1.27	52.57
15.11	1.27	52.67
15.12	1.27	52.77
15.13	1.27	52.88
15.14	1.27	53.01
15.15	1.27	53.17
15.16	1.27	53.28
15.17	1.27	53.36
15.18	1.27	53.49
15.19	1.27	53.60
15.20	1.28	53.69
15.21	1.28	53.82
15.22	1.28	53.95
15.23	1.28	54.10
15.24	1.28	54.19
15.25	1.28	54.26
15.26	1.28	54.38
15.27	1.28	54.50
15.28	1.28	54.60
15.29	1.28	54.72
15.30	1.28	54.85
15.31	1.28	54.97
15.32	1.29	55.08
15.33	1.29	55.21
15.34	1.29	55.32
15.35	1.29	55.44
15.36	1.29	55.54
15.37	1.29	55.66
15.38	1.29	55.78
15.39	1.29	55.91
15.40	1.29	56.04
15.41	1.29	56.15
15.42	1.29	56.26
15.43	1.29	56.38
15.44	1.30	56.47
15.45	1.30	56.58
15.46	1.30	56.71
15.47	1.30	56.83
15.48	1.30	56.94
15.49	1.30	57.05
15.50	1.30	57.18
15.51	1.30	57.31
15.52	1.30	57.44
15.53	1.30	57.53
15.54	1.30	57.64
15.55	1.30	57.75
15.56	1.31	57.85
15.57	1.31	57.97
15.58	1.31	58.10
15.59	1.31	58.21
15.60	1.31	58.34
15.61	1.31	58.44
15.62	1.31	58.53
15.63	1.31	58.63
15.64	1.31	58.76
15.65	1.31	58.88
15.66	1.31	59.00
15.67	1.31	59.10
15.68	1.32	59.20
15.69	1.32	59.33
15.70	1.32	59.47
15.71	1.32	59.59
15.72	1.32	59.70
15.73	1.32	59.78
15.74	1.32	59.89
15.75	1.32	60.02
15.76	1.32	60.10
15.77	1.32	60.21
15.78	1.32	60.33
15.79	1.32	60.42
15.80	1.33	60.54
15.81	1.33	60.65
15.82	1.33	60.75
15.83	1.33	60.85
15.84	1.33	60.94
15.85	1.33	61.06
15.86	1.33	61.20
15.87	1.33	61.31
15.88	1.33	61.41
15.89	1.33	61.54
15.90	1.33	61.62
15.91	1.33	61.71
15.92	1.34	61.82
15.93	1.34	61.93
15.94	1.34	62.04
15.95	1.34	62.15
15.96	1.34	62.24
15.97	1.34	62.38
15.98	1.34	62.49
15.99	1.34	62.58
16.00	1.34	62.69
16.01	1.34	62.78
16.02	1.34	62.89
16.03	1.34	63.01
16.04	1.35	63.13
16.05	1.35	63.25
16.06	1.35	63.34
16.07	1.35	63.45
16.08	1.35	63.56
16.09	1.35	63.64
16.10	1.35	63.74
16.11	1.35	63.89
16.12	1.35	64.01
16.13	1.35	64.12
16.14	1.35	64.22
16.15	1.35	64.32
16.16	1.36	64.41
16.17	1.36	64.52
16.18	1.36	64.64
16.19	1.36	64.75
16.20	1.36	64.85
16.21	1.36	64.94
16.22	1.36	65.04
16.23	1.36	65.14
16.24	1.36	65.23
16.25	1.36	65.35
16.26	1.36	65.45
16.27	1.36	65.55
16.28	1.37	65.66
16.29	1.37	65.76
16.30	1.37	65.87
16.31	1.37	65.98
16.32	1.37	66.07
16.33	1.37	66.18
16.34	1.37	66.28
16.35	1.37	66.37
16.36	1.37	66.47
16.37	1.37	66.56
16.38	1.37	66.66
16.39	1.37	66.76
16.40	1.38	66.85
16.41	1.38	66.95
16.42	1.38	67.07
16.43	1.38	67.16
16.44	1.38	67.26
16.45	1.38	67.35
16.46	1.38	67.44
16.47	1.38	67.56
16.48	1.38	67.66
16.49	1.38	67.74
16.50	1.38	67.84
16.51	1.38	67.94
16.52	1.39	68.04
16.53	1.39	68.14
16.54	1.39	68.24
16.55	1.39	68.33
16.56	1.39	68.42
16.57	1.39	68.52
16.58	1.39	68.63
16.59	1.39	68.74
16.60	1.39	68.83
16.61	1.39	68.93
16.62	1.39	69.04
16.63	1.39	69.13
16.64	1.40	69.23
16.65	1.40	69.35
16.66	1.40	69.44
16.67	1.40	69.53
16.68	1.40	69.64
16.69	1.40	69.74
16.70	1.40	69.81
16.71	1.40	69.89
16.72	1.40	70.02
16.73	1.40	70.14
16.74	1.40	70.23
16.75	1.40	70.31
16.76	1.41	70.41
16.77	1.41	70.51
16.78	1.41	70.63
16.79	1.41	70.71
16.80	1.41	70.78
16.81	1.41	70.89
16.82	1.41	71.00
16.83	1.41	71.09
16.84	1.41	71.18
16.85	1.41	71.25
16.86	1.41	71.35
16.87	1.41	71.45
16.88	1.42	71.56
16.89	1.42	71.67
16.90	1.42	71.76
16.91	1.42	71.84
16.92	1.42	71.91
16.93	1.42	72.02
16.94	1.42	72.13
16.95	1.42	72.21
16.96	1.42	72.30
16.97	1.42	72.40
16.98	1.42	72.50
16.99	1.42	72.57
17.00	1.43	72.64
17.01	1.43	72.76
17.02	1.43	72.85
17.03	1.43	72.93
17.04	1.43	73.02
17.05	1.43	73.11
17.06	1.43	73.22
17.07	1.43	73.30
17.08	1.43	73.38
17.09	1.43	73.48
17.10	1.43	73.57
17.11	1.43	73.68
17.12	1.44	73.75
17.13	1.44	73.85
17.14	1.44	73.96
17.15	1.44	74.02
17.16	1.44	74.12
17.17	1.44	74.21
17.18	1.44	74.27
17.19	1.44	74.36
17.20	1.44	74.46
17.21	1.44	74.56
17.22	1.44	74.66
17.23	1.44	74.75
17.24	1.45	74.85
17.25	1.45	74.95
17.26	1.45	75.03
17.27	1.45	75.11
17.28	1.45	75.20
17.29	1.45	75.27
17.30	1.45	75.37
17.31	1.45	75.45
17.32	1.45	75.52
17.33	1.45	75.60
17.34	1.45	75.69
17.35	1.45	75.80
17.36	1.46	75.87
17.37	1.46	75.96
17.38	1.46	76.07
17.39	1.46	76.13
17.40	1.46	76.19
17.41	1.46	76.30
17.42	1.46	76.39
17.43	1.46	76.48
17.44	1.46	76.57
17.45	1.46	76.64
17.46	1.46	76.73
17.47	1.46	76.79
17.48	1.47	76.87
17.49	1.47	76.97
17.50	1.47	77.05
17.51	1.47	77.13
17.52	1.47	77.23
17.53	1.47	77.32
17.54	1.47	77.38
17.55	1.47	77.48
17.56	1.47	77.56
17.57	1.47	77.64
17.58	1.47	77.71
17.59	1.47	77.77
17.60	1.48	77.86
17.61	1.48	77.94
17.62	1.48	78.01
17.63	1.48	78.10
17.64	1.48	78.19
17.65	1.48	78.28
17.66	1.48	78.37
17.67	1.48	78.43
17.68	1.48	78.50
17.69	1.48	78.59
17.70	1.48	78.67
17.71	1.48	78.74
17.72	1.49	78.85
17.73	1.49	78.94
17.74	1.49	79.02
17.75	1.49	79.09
17.76	1.49	79.16
17.77	1.49	79.24
17.78	1.49	79.31
17.79	1.49	79.39
17.80	1.49	79.49
17.81	1.49	79.57
17.82	1.49	79.64
17.83	1.49	79.71
17.84	1.50	79.82
17.85	1.50	79.88
17.86	1.50	79.96
17.87	1.50	80.05
17.88	1.50	80.13
17.89	1.50	80.22
17.90	1.50	80.30
17.91	1.50	80.37
17.92	1.50	80.45
17.93	1.50	80.52
17.94	1.50	80.60
17.95	1.50	80.68
17.96	1.51	80.74
17.97	1.51	80.81
17.98	1.51	80.89
17.99	1.51	80.98
18.00	1.51	81.05
18.01	1.51	81.13
18.02	1.51	81.23
18.03	1.51	81.32
18.04	1.51	81.38
18.05	1.51	81.44
18.06	1.51	81.49
18.07	1.51	81.58
18.08	1.52	81.67
18.09	1.52	81.72
18.10	1.52	81.80
18.11	1.52	81.88
18.12	1.52	81.95
18.13	1.52	82.01
18.14	1.52	82.07
18.15	1.52	82.16
18.16	1.52	82.24
18.17	1.52	82.31
18.18	1.52	82.37
18.19	1.52	82.45
18.20	1.53	82.53
18.21	1.53	82.60
18.22	1.53	82.67
18.23	1.53	82.73
18.24	1.53	82.79
18.25	1.53	82.88
18.26	1.53	82.96
18.27	1.53	83.01
18.28	1.53	83.07
18.29	1.53	83.16
18.30	1.53	83.25
18.31	1.53	83.33
18.32	1.54	83.38
18.33	1.54	83.42
18.34	1.54	83.51
18.35	1.54	83.59
18.36	1.54	83.67
18.37	1.54	83.75
18.38	1.54	83.80
18.39	1.54	83.85
18.40	1.54	83.93
18.41	1.54	84.00
18.42	1.54	84.07
18.43	1.54	84.19
18.44	1.55	84.26
18.45	1.55	84.32
18.46	1.55	84.37
18.47	1.55	84.42
18.48	1.55	84.51
18.49	1.55	84.60
18.50	1.55	84.66
18.51	1.55	84.72
18.52	1.55	84.79
18.53	1.55	84.86
18.54	1.55	84.92
18.55	1.55	84.98
18.56	1.56	85.04
18.57	1.56	85.11
18.58	1.56	85.16
18.59	1.56	85.22
18.60	1.56	85.30
18.61	1.56	85.37
18.62	1.56	85.43
18.63	1.56	85.50
18.64	1.56	85.57
18.65	1.56	85.65
18.66	1.56	85.71
18.67	1.56	85.75
18.68	1.57	85.82
18.69	1.57	85.87
18.70	1.57	85.93
18.71	1.57	85.98
18.72	1.57	86.05
18.73	1.57	86.12
18.74	1.57	86.18
18.75	1.57	86.25
18.76	1.57	86.33
18.77	1.57	86.37
18.78	1.57	86.44
18.79	1.57	86.51
18.80	1.58	86.55
18.81	1.58	86.62
18.82	1.58	86.71
18.83	1.58	86.75
18.84	1.58	86.77
18.85	1.58	86.84
18.86	1.58	86.90
18.87	1.58	86.96
18.88	1.58	87.03
18.89	1.58	87.10
18.90	1.58	87.19
18.91	1.58	87.26
18.92	1.59	87.30
18.93	1.59	87.36
18.94	1.59	87.43
18.95	1.59	87.48
18.96	1.59	87.56
18.97	1.59	87.63
18.98	1.59	87.67
18.99	1.59	87.72
19.00	1.59	87.77
19.01	1.59	87.83
19.02	1.59	87.91
19.03	1.59	87.96
19.04	1.60	88.01
19.05	1.60	88.08
19.06	1.60	88.16
19.07	1.60	88.19
19.08	1.60	88.24
19.09	1.60	88.31
19.10	1.60	88.38
19.11	1.60	88.47
19.12	1.60	88.53
19.13	1.60	88.55
19.14	1.60	88.59
19.15	1.60	88.67
19.16	1.61	88.72
19.17	1.61	88.74
19.18	1.61	88.80
19.19	1.61	88.90
19.20	1.61	88.97
19.21	1.61	89.01
19.22	1.61	89.03
19.23	1.61	89.09
19.24	1.61	89.17
19.25	1.61	89.22
19.26	1.61	89.26
19.27	1.61	89.31
19.28	1.62	89.36
19.29	1.62	89.43
19.30	1.62	89.49
19.31	1.62	89.52
19.32	1.62	89.57
19.33	1.62	89.62
19.34	1.62	89.68
19.35	1.62	89.74
19.36	1.62	89.78
19.37	1.62	89.81
19.38	1.62	89.89
19.39	1.62	89.96
19.40	1.63	90.00
19.41	1.63	90.05
19.42	1.63	90.10
19.43	1.63	90.17
19.44	1.63	90.22
19.45	1.63	90.27
19.46	1.63	90.33
19.47	1.63	90.34
19.48	1.63	90.37
19.49	1.63	90.45
19.50	1.63	90.53
19.51	1.63	90.58
19.52	1.64	90.63
19.53	1.64	90.69
19.54	1.64	90.76
19.55	1.64	90.81
19.56	1.64	90.82
19.57	1.64	90.87
19.58	1.64	90.93
19.59	1.64	90.99
19.60	1.64	91.06
19.61	1.64	91.09
19.62	1.64	91.13
19.63	1.64	91.20
19.64	1.65	91.22
19.65	1.65	91.27
19.66	1.65	91.32
19.67	1.65	91.36
19.68	1.65	91.43
19.69	1.65	91.51
19.70	1.65	91.54
19.71	1.65	91.59
19.72	1.65	91.65
19.73	1.65	91.68
19.74	1.65	91.72
19.75	1.65	91.78
19.76	1.66	91.83
19.77	1.66	91.86
19.78	1.66	91.88
19.79	1.66	91.94
19.80	1.66	92.00
19.81	1.66	92.04
19.82	1.66	92.10
19.83	1.66	92.15
19.84	1.66	92.19
19.85	1.66	92.22
19.86	1.66	92.26
19.87	1.66	92.31
19.88	1.67	92.34
19.89	1.67	92.39
19.90	1.67	92.45
19.91	1.67	92.48
19.92	1.67	92.51
19.93	1.67	92.57
19.94	1.67	92.62
19.95	1.67	92.67
19.96	1.67	92.69
19.97	1.67	92.74
19.98	1.67	92.79
19.99	1.67	92.83
20.00	1.68	92.88
20.01	1.68	92.92
20.02	1.68	92.97
20.03	1.68	93.01
20.04	1.68	93.08
20.05	1.68	93.14
20.06	1.68	93.17
20.07	1.68	93.19
20.08	1.68	93.24
20.09	1.68	93.29
20.10	1.68	93.30
20.11	1.68	93.34
20.12	1.69	93.39
20.13	1.69	93.42
20.14	1.69	93.48
20.15	1.69	93.54
20.16	1.69	93.60
20.17	1.69	93.61
20.18	1.69	93.66
20.19	1.69	93.70
20.20	1.69	93.72
20.21	1.69	93.77
20.22	1.69	93.83
20.23	1.69	93.89
20.24	1.70	93.91
20.25	1.70	93.93
20.26	1.70	93.98
20.27	1.70	94.02
20.28	1.70	94.07
20.29	1.70	94.14
20.30	1.70	94.16
20.31	1.70	94.19
20.32	1.70	94.23
20.33	1.70	94.28
20.34	1.70	94.32
20.35	1.70	94.35
20.36	1.71	94.38
20.37	1.71	94.41
20.38	1.71	94.46
20.39	1.71	94.52
20.40	1.71	94.54
20.41	1.71	94.56
20.42	1.71	94.60
20.43	1.71	94.63
20.44	1.71	94.65
20.45	1.71	94.70
20.46	1.71	94.72
20.47	1.71	94.75
20.48	1.72	94.82
20.49	1.72	94.85
20.50	1.72	94.90
20.51	1.72	94.91
20.52	1.72	94.92
20.53	1.72	94.95
20.54	1.72	94.99
20.55	1.72	95.02
20.56	1.72	95.08
20.57	1.72	95.11
20.58	1.72	95.14
20.59	1.72	95.17
20.60	1.73	95.20
20.61	1.73	95.24
20.62	1.73	95.25
20.63	1.73	95.28
20.64	1.73	95.33
20.65	1.73	95.38
20.66	1.73	95.42
20.67	1.73	95.45
20.68	1.73	95.48
20.69	1.73	95.51
20.70	1.73	95.53
20.71	1.73	95.56
20.72	1.74	95.59
20.73	1.74	95.60
20.74	1.74	95.63
20.75	1.74	95.67
20.76	1.74	95.68
20.77	1.74	95.71
20.78	1.74	95.74
20.79	1.74	95.74
20.80	1.74	95.77
20.81	1.74	95.76
20.82	1.74	53.71
20.83	1.74	6.86
