0.01	0.01	0.86
0.02	0.01	0.92
0.03	0.01	0.97
0.04	0.01	1.03
0.05	0.01	1.08
0.06	0.01	1.08
0.07	0.01	1.04
0.08	0.01	1.04
0.09	0.02	1.04
0.10	0.02	1.06
0.11	0.02	1.15
0.12	0.02	1.20
0.13	0.02	1.24
0.14	0.02	1.27
0.15	0.02	1.28
0.16	0.02	1.31
0.17	0.02	1.36
0.18	0.02	1.37
0.19	0.02	1.36
0.20	0.02	1.35
0.21	0.03	1.34
0.22	0.03	1.36
0.23	0.03	1.41
0.24	0.03	1.46
0.25	0.03	1.48
0.26	0.03	1.49
0.27	0.03	1.54
0.28	0.03	1.59
0.29	0.03	1.58
0.30	0.03	1.64
0.31	0.03	1.68
0.32	0.03	1.68
0.33	0.04	1.71
0.34	0.04	1.73
0.35	0.04	1.77
0.36	0.04	1.77
0.37	0.04	1.79
0.38	0.04	1.84
0.39	0.04	1.85
0.40	0.04	1.84
0.41	0.04	1.82
0.42	0.04	1.84
0.43	0.04	1.88
0.44	0.04	1.90
0.45	0.05	1.90
0.46	0.05	1.90
0.47	0.05	1.92
0.48	0.05	1.94
0.49	0.05	1.97
0.50	0.05	2.00
0.51	0.05	2.01
0.52	0.05	1.99
0.53	0.05	2.00
0.54	0.05	2.04
0.55	0.05	2.09
0.56	0.05	2.10
0.57	0.06	2.12
0.58	0.06	2.16
0.59	0.06	2.21
0.60	0.06	2.22
0.61	0.06	2.20
0.62	0.06	2.25
0.63	0.06	2.31
0.64	0.06	2.32
0.65	0.06	2.35
0.66	0.06	2.40
0.67	0.06	2.46
0.68	0.06	2.52
0.69	0.07	2.56
0.70	0.07	2.58
0.71	0.07	2.59
0.72	0.07	2.58
0.73	0.07	2.61
0.74	0.07	2.68
0.75	0.07	2.75
0.76	0.07	2.82
0.77	0.07	2.90
0.78	0.07	2.99
0.79	0.07	3.04
0.80	0.07	3.10
0.81	0.08	3.17
0.82	0.08	3.19
0.83	0.08	3.23
0.84	0.08	3.29
0.85	0.08	3.35
0.86	0.08	3.41
0.87	0.08	3.46
0.88	0.08	3.52
0.89	0.08	3.55
0.90	0.08	3.60
0.91	0.08	3.69
0.92	0.08	3.73
0.93	0.09	3.77
0.94	0.09	3.81
0.95	0.09	3.84
0.96	0.09	3.86
0.97	0.09	3.89
0.98	0.09	3.92
0.99	0.09	3.94
1.00	0.09	4.00
1.01	0.09	4.08
1.02	0.09	4.16
1.03	0.09	4.24
1.04	0.09	4.31
1.05	0.10	4.35
1.06	0.10	4.36
1.07	0.10	4.36
1.08	0.10	4.39
1.09	0.10	4.39
1.10	0.10	4.34
1.11	0.10	4.27
1.12	0.10	4.28
1.13	0.10	4.37
1.14	0.10	4.52
1.15	0.10	4.63
1.16	0.10	4.71
1.17	0.11	4.78
1.18	0.11	4.84
1.19	0.11	4.84
1.20	0.11	4.81
1.21	0.11	4.77
1.22	0.11	4.74
1.23	0.11	4.77
1.24	0.11	4.81
1.25	0.11	4.90
1.26	0.11	5.01
1.27	0.11	5.11
1.28	0.11	5.21
1.29	0.12	5.27
1.30	0.12	5.34
1.31	0.12	5.42
1.32	0.12	5.50
1.33	0.12	5.58
1.34	0.12	5.67
1.35	0.12	5.74
1.36	0.12	5.83
1.37	0.12	5.91
1.38	0.12	6.01
1.39	0.12	6.10
1.40	0.12	6.16
1.41	0.13	6.24
1.42	0.13	6.31
1.43	0.13	6.38
1.44	0.13	6.43
1.45	0.13	6.44
1.46	0.13	6.47
1.47	0.13	6.49
1.48	0.13	6.55
1.49	0.13	6.63
1.50	0.13	6.69
1.51	0.13	6.75
1.52	0.13	6.82
1.53	0.14	6.87
1.54	0.14	6.93
1.55	0.14	7.00
1.56	0.14	7.06
1.57	0.14	7.10
1.58	0.14	7.14
1.59	0.14	7.18
1.60	0.14	7.23
1.61	0.14	7.25
1.62	0.14	7.27
1.63	0.14	7.34
1.64	0.14	7.44
1.65	0.15	7.50
1.66	0.15	7.53
1.67	0.15	7.59
1.68	0.15	7.63
1.69	0.15	7.66
1.70	0.15	7.70
1.71	0.15	7.76
1.72	0.15	7.80
1.73	0.15	7.83
1.74	0.15	7.86
1.75	0.15	7.90
1.76	0.15	7.99
1.77	0.16	8.04
1.78	0.16	8.07
1.79	0.16	8.14
1.80	0.16	8.22
1.81	0.16	8.29
1.82	0.16	8.35
1.83	0.16	8.38
1.84	0.16	8.40
1.85	0.16	8.43
1.86	0.16	8.51
1.87	0.16	8.56
1.88	0.16	8.63
1.89	0.17	8.71
1.90	0.17	8.77
1.91	0.17	8.84
1.92	0.17	8.91
1.93	0.17	8.99
1.94	0.17	9.07
1.95	0.17	9.12
1.96	0.17	9.15
1.97	0.17	9.17
1.98	0.17	9.23
1.99	0.17	9.26
2.00	0.17	9.30
2.01	0.18	9.36
2.02	0.18	9.43
2.03	0.18	9.51
2.04	0.18	9.57
2.05	0.18	9.68
2.06	0.18	9.74
2.07	0.18	9.80
2.08	0.18	9.85
2.09	0.18	9.89
2.10	0.18	10.03
2.11	0.18	10.12
2.12	0.18	10.21
2.13	0.19	10.37
2.14	0.19	10.50
2.15	0.19	10.62
2.16	0.19	10.74
2.17	0.19	10.82
2.18	0.19	10.92
2.19	0.19	11.02
2.20	0.19	11.09
2.21	0.19	11.12
2.22	0.19	11.11
2.23	0.19	11.00
2.24	0.19	10.80
2.25	0.20	10.70
2.26	0.20	10.83
2.27	0.20	11.07
2.28	0.20	11.24
2.29	0.20	11.32
2.30	0.20	11.29
2.31	0.20	11.21
2.32	0.20	11.28
2.33	0.20	11.46
2.34	0.20	11.56
2.35	0.20	11.51
2.36	0.20	11.49
2.37	0.21	11.59
2.38	0.21	11.67
2.39	0.21	11.67
2.40	0.21	11.65
2.41	0.21	11.71
2.42	0.21	11.75
2.43	0.21	11.73
2.44	0.21	11.69
2.45	0.21	11.72
2.46	0.21	11.74
2.47	0.21	11.67
2.48	0.21	11.62
2.49	0.22	11.68
2.50	0.22	11.73
2.51	0.22	11.65
2.52	0.22	11.61
2.53	0.22	11.69
2.54	0.22	11.69
2.55	0.22	11.59
2.56	0.22	11.60
2.57	0.22	11.65
2.58	0.22	11.64
2.59	0.22	11.67
2.60	0.22	11.68
2.61	0.23	11.69
2.62	0.23	11.71
2.63	0.23	11.70
2.64	0.23	11.72
2.65	0.23	11.74
2.66	0.23	11.74
2.67	0.23	11.76
2.68	0.23	11.75
2.69	0.23	11.74
2.70	0.23	11.75
2.71	0.23	11.74
2.72	0.23	11.79
2.73	0.24	11.81
2.74	0.24	11.78
2.75	0.24	11.78
2.76	0.24	11.81
2.77	0.24	11.81
2.78	0.24	11.82
2.79	0.24	11.85
2.80	0.24	11.84
2.81	0.24	11.84
2.82	0.24	11.82
2.83	0.24	11.83
2.84	0.24	11.86
2.85	0.25	11.88
2.86	0.25	11.91
2.87	0.25	11.91
2.88	0.25	11.93
2.89	0.25	11.92
2.90	0.25	11.93
2.91	0.25	11.95
2.92	0.25	11.94
2.93	0.25	11.95
2.94	0.25	11.95
2.95	0.25	11.95
2.96	0.25	11.99
2.97	0.26	12.02
2.98	0.26	12.04
2.99	0.26	12.07
3.00	0.26	12.07
3.01	0.26	12.06
3.02	0.26	12.10
3.03	0.26	12.14
3.04	0.26	12.12
3.05	0.26	12.09
3.06	0.26	12.08
3.07	0.26	12.10
3.08	0.26	12.13
3.09	0.27	12.15
3.10	0.27	12.14
3.11	0.27	12.14
3.12	0.27	12.15
3.13	0.27	12.15
3.14	0.27	12.20
3.15	0.27	12.34
3.16	0.27	12.51
3.17	0.27	12.66
3.18	0.27	12.81
3.19	0.27	12.97
3.20	0.27	13.12
3.21	0.28	13.23
3.22	0.28	13.32
3.23	0.28	13.40
3.24	0.28	13.44
3.25	0.28	13.48
3.26	0.28	13.49
3.27	0.28	13.52
3.28	0.28	13.57
3.29	0.28	13.60
3.30	0.28	13.62
3.31	0.28	13.63
3.32	0.28	13.66
3.33	0.29	13.67
3.34	0.29	13.67
3.35	0.29	13.72
3.36	0.29	13.73
3.37	0.29	13.75
3.38	0.29	13.80
3.39	0.29	13.82
3.40	0.29	13.84
3.41	0.29	13.83
3.42	0.29	13.82
3.43	0.29	13.81
3.44	0.29	13.80
3.45	0.30	13.78
3.46	0.30	13.75
3.47	0.30	13.78
3.48	0.30	13.82
3.49	0.30	13.85
3.50	0.30	13.86
3.51	0.30	13.87
3.52	0.30	13.90
3.53	0.30	13.90
3.54	0.30	13.90
3.55	0.30	13.89
3.56	0.30	13.84
3.57	0.31	13.79
3.58	0.31	13.77
3.59	0.31	13.81
3.60	0.31	13.84
3.61	0.31	13.82
3.62	0.31	13.84
3.63	0.31	13.88
3.64	0.31	13.87
3.65	0.31	13.85
3.66	0.31	13.87
3.67	0.31	13.85
3.68	0.31	13.86
3.69	0.32	13.87
3.70	0.32	13.81
3.71	0.32	13.79
3.72	0.32	13.84
3.73	0.32	13.84
3.74	0.32	13.84
3.75	0.32	13.86
3.76	0.32	13.88
3.77	0.32	13.92
3.78	0.32	13.91
3.79	0.32	13.87
3.80	0.32	13.86
3.81	0.33	13.83
3.82	0.33	13.79
3.83	0.33	13.76
3.84	0.33	13.75
3.85	0.33	13.78
3.86	0.33	13.79
3.87	0.33	13.80
3.88	0.33	13.83
3.89	0.33	13.85
3.90	0.33	13.86
3.91	0.33	13.86
3.92	0.33	13.84
3.93	0.34	13.82
3.94	0.34	13.78
3.95	0.34	13.73
3.96	0.34	13.74
3.97	0.34	13.76
3.98	0.34	13.74
3.99	0.34	13.75
4.00	0.34	13.79
4.01	0.34	13.82
4.02	0.34	13.82
4.03	0.34	13.83
4.04	0.34	13.85
4.05	0.35	13.84
4.06	0.35	13.82
4.07	0.35	13.80
4.08	0.35	13.78
4.09	0.35	13.78
4.10	0.35	13.80
4.11	0.35	13.81
4.12	0.35	13.81
4.13	0.35	13.85
4.14	0.35	13.87
4.15	0.35	13.86
4.16	0.35	13.91
4.17	0.36	13.93
4.18	0.36	13.90
4.19	0.36	13.88
4.20	0.36	13.85
4.21	0.36	13.83
4.22	0.36	13.83
4.23	0.36	13.82
4.24	0.36	13.85
4.25	0.36	13.88
4.26	0.36	13.90
4.27	0.36	13.90
4.28	0.36	13.91
4.29	0.37	13.91
4.30	0.37	13.91
4.31	0.37	13.90
4.32	0.37	13.86
4.33	0.37	13.86
4.34	0.37	13.83
4.35	0.37	13.81
4.36	0.37	13.82
4.37	0.37	13.84
4.38	0.37	13.86
4.39	0.37	13.88
4.40	0.37	13.90
4.41	0.38	13.91
4.42	0.38	13.90
4.43	0.38	13.89
4.44	0.38	13.91
4.45	0.38	13.90
4.46	0.38	13.85
4.47	0.38	13.84
4.48	0.38	13.86
4.49	0.38	13.90
4.50	0.38	13.90
4.51	0.38	13.91
4.52	0.38	13.92
4.53	0.39	13.95
4.54	0.39	13.99
4.55	0.39	14.00
4.56	0.39	13.98
4.57	0.39	13.95
4.58	0.39	13.93
4.59	0.39	13.92
4.60	0.39	13.88
4.61	0.39	13.88
4.62	0.39	13.89
4.63	0.39	13.86
4.64	0.39	13.90
4.65	0.40	13.96
4.66	0.40	13.97
4.67	0.40	13.97
4.68	0.40	13.95
4.69	0.40	13.93
4.70	0.40	13.92
4.71	0.40	13.90
4.72	0.40	13.86
4.73	0.40	13.83
4.74	0.40	13.85
4.75	0.40	13.86
4.76	0.40	13.87
4.77	0.41	13.89
4.78	0.41	13.91
4.79	0.41	13.93
4.80	0.41	13.94
4.81	0.41	13.94
4.82	0.41	13.91
4.83	0.41	13.88
4.84	0.41	13.88
4.85	0.41	13.86
4.86	0.41	13.84
4.87	0.41	13.83
4.88	0.41	13.85
4.89	0.42	13.90
4.90	0.42	13.92
4.91	0.42	13.94
4.92	0.42	13.96
4.93	0.42	13.96
4.94	0.42	13.93
4.95	0.42	13.91
4.96	0.42	13.91
4.97	0.42	13.90
4.98	0.42	13.88
4.99	0.42	13.88
5.00	0.42	13.89
5.01	0.43	13.89
5.02	0.43	13.90
5.03	0.43	13.91
5.04	0.43	13.91
5.05	0.43	13.93
5.06	0.43	13.94
5.07	0.43	13.91
5.08	0.43	13.93
5.09	0.43	13.93
5.10	0.43	13.88
5.11	0.43	13.87
5.12	0.43	13.87
5.13	0.44	13.86
5.14	0.44	13.89
5.15	0.44	13.90
5.16	0.44	13.90
5.17	0.44	13.93
5.18	0.44	13.94
5.19	0.44	13.95
5.20	0.44	13.96
5.21	0.44	13.94
5.22	0.44	13.91
5.23	0.44	13.90
5.24	0.44	13.87
5.25	0.45	13.87
5.26	0.45	13.89
5.27	0.45	13.91
5.28	0.45	13.92
5.29	0.45	13.93
5.30	0.45	13.93
5.31	0.45	13.95
5.32	0.45	13.97
5.33	0.45	13.94
5.34	0.45	13.91
5.35	0.45	13.93
5.36	0.45	13.91
5.37	0.46	13.88
5.38	0.46	13.89
5.39	0.46	13.90
5.40	0.46	13.92
5.41	0.46	13.91
5.42	0.46	13.91
5.43	0.46	13.94
5.44	0.46	13.97
5.45	0.46	13.96
5.46	0.46	13.94
5.47	0.46	13.91
5.48	0.46	13.90
5.49	0.47	13.90
5.50	0.47	13.87
5.51	0.47	13.87
5.52	0.47	13.91
5.53	0.47	13.95
5.54	0.47	13.97
5.55	0.47	13.96
5.56	0.47	13.97
5.57	0.47	13.96
5.58	0.47	13.96
5.59	0.47	13.97
5.60	0.47	13.95
5.61	0.48	13.92
5.62	0.48	13.91
5.63	0.48	13.92
5.64	0.48	13.93
5.65	0.48	13.94
5.66	0.48	13.93
5.67	0.48	13.95
5.68	0.48	13.99
5.69	0.48	13.99
5.70	0.48	14.00
5.71	0.48	14.00
5.72	0.48	13.98
5.73	0.49	13.98
5.74	0.49	13.95
5.75	0.49	13.94
5.76	0.49	13.93
5.77	0.49	13.95
5.78	0.49	13.97
5.79	0.49	13.97
5.80	0.49	13.99
5.81	0.49	14.00
5.82	0.49	14.03
5.83	0.49	14.02
5.84	0.49	14.01
5.85	0.50	14.02
5.86	0.50	14.00
5.87	0.50	13.98
5.88	0.50	13.96
5.89	0.50	13.95
5.90	0.50	13.96
5.91	0.50	13.98
5.92	0.50	14.01
5.93	0.50	14.01
5.94	0.50	13.99
5.95	0.50	13.99
5.96	0.50	14.01
5.97	0.51	14.02
5.98	0.51	14.04
5.99	0.51	14.02
6.00	0.51	13.96
6.01	0.51	13.93
6.02	0.51	13.95
6.03	0.51	13.97
6.04	0.51	13.97
6.05	0.51	13.96
6.06	0.51	13.98
6.07	0.51	14.03
6.08	0.51	14.06
6.09	0.52	14.05
6.10	0.52	14.06
6.11	0.52	14.05
6.12	0.52	14.02
6.13	0.52	13.99
6.14	0.52	14.00
6.15	0.52	13.97
6.16	0.52	13.96
6.17	0.52	13.99
6.18	0.52	13.99
6.19	0.52	13.98
6.20	0.52	13.98
6.21	0.53	13.96
6.22	0.53	13.95
6.23	0.53	13.96
6.24	0.53	13.96
6.25	0.53	13.98
6.26	0.53	13.98
6.27	0.53	13.97
6.28	0.53	14.00
6.29	0.53	13.99
6.30	0.53	13.98
6.31	0.53	14.00
6.32	0.53	13.99
6.33	0.54	13.99
6.34	0.54	14.02
6.35	0.54	14.01
6.36	0.54	13.99
6.37	0.54	13.98
6.38	0.54	13.97
6.39	0.54	13.96
6.40	0.54	13.98
6.41	0.54	14.01
6.42	0.54	13.99
6.43	0.54	13.96
6.44	0.54	13.98
6.45	0.55	13.99
6.46	0.55	13.99
6.47	0.55	13.99
6.48	0.55	13.98
6.49	0.55	13.98
6.50	0.55	13.98
6.51	0.55	13.96
6.52	0.55	13.96
6.53	0.55	13.98
6.54	0.55	13.99
6.55	0.55	13.99
6.56	0.55	14.01
6.57	0.56	14.04
6.58	0.56	14.01
6.59	0.56	13.98
6.60	0.56	13.99
6.61	0.56	13.98
6.62	0.56	13.96
6.63	0.56	13.97
6.64	0.56	13.94
6.65	0.56	13.93
6.66	0.56	13.94
6.67	0.56	13.93
6.68	0.56	13.93
6.69	0.57	13.98
6.70	0.57	14.00
6.71	0.57	13.99
6.72	0.57	13.98
6.73	0.57	13.98
6.74	0.57	13.98
6.75	0.57	13.96
6.76	0.57	13.93
6.77	0.57	13.92
6.78	0.57	13.97
6.79	0.57	13.98
6.80	0.57	13.97
6.81	0.58	14.01
6.82	0.58	14.01
6.83	0.58	14.03
6.84	0.58	14.06
6.85	0.58	14.05
6.86	0.58	14.05
6.87	0.58	14.07
6.88	0.58	14.04
6.89	0.58	14.02
6.90	0.58	14.05
6.91	0.58	14.03
6.92	0.58	14.04
6.93	0.59	14.06
6.94	0.59	14.05
6.95	0.59	14.06
6.96	0.59	14.10
6.97	0.59	14.13
6.98	0.59	14.13
6.99	0.59	14.11
7.00	0.59	14.09
7.01	0.59	14.09
7.02	0.59	14.09
7.03	0.59	14.11
7.04	0.59	14.13
7.05	0.60	14.13
7.06	0.60	14.13
7.07	0.60	14.15
7.08	0.60	14.16
7.09	0.60	14.16
7.10	0.60	14.16
7.11	0.60	14.15
7.12	0.60	14.17
7.13	0.60	14.19
7.14	0.60	14.18
7.15	0.60	14.18
7.16	0.60	14.19
7.17	0.61	14.18
7.18	0.61	14.18
7.19	0.61	14.20
7.20	0.61	14.21
7.21	0.61	14.21
7.22	0.61	14.18
7.23	0.61	14.19
7.24	0.61	14.18
7.25	0.61	14.17
7.26	0.61	14.17
7.27	0.61	14.13
7.28	0.61	14.14
7.29	0.62	14.14
7.30	0.62	14.14
7.31	0.62	14.14
7.32	0.62	14.15
7.33	0.62	14.19
7.34	0.62	14.20
7.35	0.62	14.18
7.36	0.62	14.16
7.37	0.62	14.18
7.38	0.62	14.18
7.39	0.62	14.20
7.40	0.62	14.19
7.41	0.63	14.16
7.42	0.63	14.20
7.43	0.63	14.21
7.44	0.63	14.20
7.45	0.63	14.24
7.46	0.63	14.21
7.47	0.63	14.20
7.48	0.63	14.22
7.49	0.63	14.25
7.50	0.63	14.26
7.51	0.63	14.24
7.52	0.63	14.23
7.53	0.64	14.21
7.54	0.64	14.19
7.55	0.64	14.18
7.56	0.64	14.19
7.57	0.64	14.23
7.58	0.64	14.28
7.59	0.64	14.30
7.60	0.64	14.33
7.61	0.64	14.34
7.62	0.64	14.34
7.63	0.64	14.39
7.64	0.64	14.43
7.65	0.65	14.45
7.66	0.65	14.50
7.67	0.65	14.53
7.68	0.65	14.57
7.69	0.65	14.63
7.70	0.65	14.69
7.71	0.65	14.72
7.72	0.65	14.76
7.73	0.65	14.80
7.74	0.65	14.82
7.75	0.65	14.87
7.76	0.65	14.91
7.77	0.66	14.93
7.78	0.66	14.96
7.79	0.66	14.98
7.80	0.66	14.99
7.81	0.66	15.02
7.82	0.66	15.03
7.83	0.66	15.04
7.84	0.66	15.06
7.85	0.66	15.06
7.86	0.66	15.07
7.87	0.66	15.10
7.88	0.66	15.11
7.89	0.67	15.10
7.90	0.67	15.09
7.91	0.67	15.13
7.92	0.67	15.16
7.93	0.67	15.16
7.94	0.67	15.16
7.95	0.67	15.16
7.96	0.67	15.15
7.97	0.67	15.15
7.98	0.67	15.16
7.99	0.67	15.16
8.00	0.67	15.16
8.01	0.68	15.18
8.02	0.68	15.16
8.03	0.68	15.17
8.04	0.68	15.16
8.05	0.68	15.18
8.06	0.68	15.19
8.07	0.68	15.15
8.08	0.68	15.15
8.09	0.68	15.15
8.10	0.68	15.19
8.11	0.68	15.23
8.12	0.68	15.24
8.13	0.69	15.30
8.14	0.69	15.30
8.15	0.69	15.33
8.16	0.69	15.36
8.17	0.69	15.36
8.18	0.69	15.40
8.19	0.69	15.40
8.20	0.69	15.43
8.21	0.69	15.46
8.22	0.69	15.48
8.23	0.69	15.51
8.24	0.69	15.52
8.25	0.70	15.53
8.26	0.70	15.55
8.27	0.70	15.57
8.28	0.70	15.57
8.29	0.70	15.59
8.30	0.70	15.61
8.31	0.70	15.61
8.32	0.70	15.60
8.33	0.70	15.63
8.34	0.70	15.64
8.35	0.70	15.64
8.36	0.70	15.66
8.37	0.71	15.66
8.38	0.71	15.67
8.39	0.71	15.68
8.40	0.71	15.69
8.41	0.71	15.69
8.42	0.71	15.68
8.43	0.71	15.68
8.44	0.71	15.67
8.45	0.71	15.68
8.46	0.71	15.69
8.47	0.71	15.69
8.48	0.71	15.69
8.49	0.72	15.70
8.50	0.72	15.72
8.51	0.72	15.73
8.52	0.72	15.73
8.53	0.72	15.73
8.54	0.72	15.73
8.55	0.72	15.73
8.56	0.72	15.76
8.57	0.72	15.78
8.58	0.72	15.79
8.59	0.72	15.79
8.60	0.72	15.80
8.61	0.73	15.80
8.62	0.73	15.79
8.63	0.73	15.80
8.64	0.73	15.83
8.65	0.73	15.84
8.66	0.73	15.82
8.67	0.73	15.83
8.68	0.73	15.84
8.69	0.73	15.82
8.70	0.73	15.84
8.71	0.73	15.83
8.72	0.73	15.82
8.73	0.74	15.83
8.74	0.74	15.85
8.75	0.74	15.86
8.76	0.74	15.88
8.77	0.74	15.89
8.78	0.74	15.93
8.79	0.74	15.95
8.80	0.74	15.93
8.81	0.74	15.94
8.82	0.74	15.98
8.83	0.74	16.00
8.84	0.74	15.99
8.85	0.75	16.00
8.86	0.75	16.03
8.87	0.75	16.02
8.88	0.75	16.03
8.89	0.75	16.05
8.90	0.75	16.04
8.91	0.75	16.04
8.92	0.75	16.05
8.93	0.75	16.07
8.94	0.75	16.06
8.95	0.75	16.07
8.96	0.75	16.07
8.97	0.76	16.07
8.98	0.76	16.07
8.99	0.76	16.07
9.00	0.76	16.12
9.01	0.76	16.11
9.02	0.76	16.10
9.03	0.76	16.09
9.04	0.76	16.14
9.05	0.76	16.14
9.06	0.76	16.12
9.07	0.76	16.16
9.08	0.76	16.13
9.09	0.77	16.13
9.10	0.77	16.13
9.11	0.77	16.13
9.12	0.77	16.15
9.13	0.77	16.15
9.14	0.77	16.16
9.15	0.77	16.14
9.16	0.77	16.15
9.17	0.77	16.17
9.18	0.77	16.16
9.19	0.77	16.17
9.20	0.77	16.17
9.21	0.78	16.19
9.22	0.78	16.18
9.23	0.78	16.17
9.24	0.78	16.20
9.25	0.78	16.22
9.26	0.78	16.23
9.27	0.78	16.21
9.28	0.78	16.21
9.29	0.78	16.20
9.30	0.78	16.18
9.31	0.78	16.20
9.32	0.78	16.20
9.33	0.79	16.21
9.34	0.79	16.23
9.35	0.79	16.23
9.36	0.79	16.22
9.37	0.79	16.23
9.38	0.79	16.24
9.39	0.79	16.23
9.40	0.79	16.23
9.41	0.79	16.23
9.42	0.79	16.25
9.43	0.79	16.25
9.44	0.79	16.25
9.45	0.80	16.25
9.46	0.80	16.24
9.47	0.80	16.26
9.48	0.80	16.26
9.49	0.80	16.27
9.50	0.80	16.27
9.51	0.80	16.25
9.52	0.80	16.27
9.53	0.80	16.28
9.54	0.80	16.29
9.55	0.80	16.31
9.56	0.80	16.31
9.57	0.81	16.31
9.58	0.81	16.33
9.59	0.81	16.34
9.60	0.81	16.36
9.61	0.81	16.36
9.62	0.81	16.37
9.63	0.81	16.39
9.64	0.81	16.40
9.65	0.81	16.40
9.66	0.81	16.43
9.67	0.81	16.46
9.68	0.81	16.48
9.69	0.82	16.50
9.70	0.82	16.48
9.71	0.82	16.49
9.72	0.82	16.50
9.73	0.82	16.52
9.74	0.82	16.52
9.75	0.82	16.52
9.76	0.82	16.53
9.77	0.82	16.53
9.78	0.82	16.59
9.79	0.82	16.61
9.80	0.82	16.62
9.81	0.83	16.61
9.82	0.83	16.63
9.83	0.83	16.66
9.84	0.83	16.64
9.85	0.83	16.66
9.86	0.83	16.68
9.87	0.83	16.66
9.88	0.83	16.67
9.89	0.83	16.71
9.90	0.83	16.73
9.91	0.83	16.70
9.92	0.83	16.70
9.93	0.84	16.73
9.94	0.84	16.75
9.95	0.84	16.77
9.96	0.84	16.78
9.97	0.84	16.77
9.98	0.84	16.79
9.99	0.84	16.81
10.00	0.84	16.79
10.01	0.84	16.80
10.02	0.84	16.82
10.03	0.84	16.82
10.04	0.84	16.81
10.05	0.85	16.79
10.06	0.85	16.80
10.07	0.85	16.81
10.08	0.85	16.84
10.09	0.85	16.83
10.10	0.85	16.82
10.11	0.85	16.83
10.12	0.85	16.85
10.13	0.85	16.86
10.14	0.85	16.82
10.15	0.85	16.83
10.16	0.85	16.84
10.17	0.86	16.85
10.18	0.86	16.89
10.19	0.86	16.89
10.20	0.86	16.89
10.21	0.86	16.91
10.22	0.86	16.94
10.23	0.86	16.93
10.24	0.86	16.92
10.25	0.86	16.93
10.26	0.86	16.94
10.27	0.86	16.94
10.28	0.86	16.96
10.29	0.87	16.97
10.30	0.87	16.97
10.31	0.87	16.95
10.32	0.87	16.95
10.33	0.87	16.96
10.34	0.87	17.01
10.35	0.87	17.01
10.36	0.87	16.99
10.37	0.87	16.99
10.38	0.87	17.00
10.39	0.87	17.03
10.40	0.87	17.01
10.41	0.88	16.99
10.42	0.88	17.01
10.43	0.88	17.03
10.44	0.88	17.05
10.45	0.88	17.07
10.46	0.88	17.07
10.47	0.88	17.05
10.48	0.88	17.04
10.49	0.88	17.05
10.50	0.88	17.03
10.51	0.88	17.05
10.52	0.88	17.09
10.53	0.89	17.11
10.54	0.89	17.14
10.55	0.89	17.18
10.56	0.89	17.19
10.57	0.89	17.18
10.58	0.89	17.21
10.59	0.89	17.22
10.60	0.89	17.21
10.61	0.89	17.23
10.62	0.89	17.24
10.63	0.89	17.27
10.64	0.89	17.28
10.65	0.90	17.28
10.66	0.90	17.25
10.67	0.90	17.26
10.68	0.90	17.29
10.69	0.90	17.30
10.70	0.90	17.32
10.71	0.90	17.34
10.72	0.90	17.38
10.73	0.90	17.41
10.74	0.90	17.45
10.75	0.90	17.49
10.76	0.90	17.50
10.77	0.91	17.57
10.78	0.91	17.61
10.79	0.91	17.65
10.80	0.91	17.71
10.81	0.91	17.78
10.82	0.91	17.84
10.83	0.91	17.86
10.84	0.91	17.93
10.85	0.91	18.01
10.86	0.91	18.10
10.87	0.91	18.15
10.88	0.91	18.23
10.89	0.92	18.31
10.90	0.92	18.36
10.91	0.92	18.42
10.92	0.92	18.45
10.93	0.92	18.49
10.94	0.92	18.56
10.95	0.92	18.63
10.96	0.92	18.68
10.97	0.92	18.74
10.98	0.92	18.81
10.99	0.92	18.88
11.00	0.92	18.96
11.01	0.93	19.02
11.02	0.93	19.05
11.03	0.93	19.10
11.04	0.93	19.16
11.05	0.93	19.24
11.06	0.93	19.35
11.07	0.93	19.46
11.08	0.93	19.61
11.09	0.93	19.76
11.10	0.93	19.88
11.11	0.93	19.99
11.12	0.93	20.10
11.13	0.94	20.22
11.14	0.94	20.32
11.15	0.94	20.36
11.16	0.94	20.44
11.17	0.94	20.55
11.18	0.94	20.64
11.19	0.94	20.72
11.20	0.94	20.84
11.21	0.94	20.97
11.22	0.94	21.12
11.23	0.94	21.28
11.24	0.94	21.40
11.25	0.95	21.54
11.26	0.95	21.70
11.27	0.95	21.83
11.28	0.95	21.95
11.29	0.95	22.09
11.30	0.95	22.25
11.31	0.95	22.40
11.32	0.95	22.57
11.33	0.95	22.72
11.34	0.95	22.87
11.35	0.95	23.02
11.36	0.95	23.16
11.37	0.96	23.34
11.38	0.96	23.49
11.39	0.96	23.62
11.40	0.96	23.78
11.41	0.96	23.94
11.42	0.96	24.09
11.43	0.96	24.23
11.44	0.96	24.39
11.45	0.96	24.56
11.46	0.96	24.71
11.47	0.96	24.86
11.48	0.96	25.03
11.49	0.97	25.19
11.50	0.97	25.36
11.51	0.97	25.53
11.52	0.97	25.68
11.53	0.97	25.82
11.54	0.97	26.00
11.55	0.97	26.17
11.56	0.97	26.33
11.57	0.97	26.50
11.58	0.97	26.65
11.59	0.97	26.82
11.60	0.97	26.98
11.61	0.98	27.14
11.62	0.98	27.31
11.63	0.98	27.46
11.64	0.98	27.59
11.65	0.98	27.75
11.66	0.98	27.95
11.67	0.98	28.10
11.68	0.98	28.26
11.69	0.98	28.42
11.70	0.98	28.60
11.71	0.98	28.77
11.72	0.98	28.95
11.73	0.99	29.12
11.74	0.99	29.28
11.75	0.99	29.45
11.76	0.99	29.60
11.77	0.99	29.77
11.78	0.99	29.93
11.79	0.99	30.08
11.80	0.99	30.25
11.81	0.99	30.41
11.82	0.99	30.59
11.83	0.99	30.78
11.84	0.99	30.95
11.85	1.00	31.12
11.86	1.00	31.28
11.87	1.00	31.45
11.88	1.00	31.62
11.89	1.00	31.78
11.90	1.00	31.95
11.91	1.00	32.10
11.92	1.00	32.28
11.93	1.00	32.45
11.94	1.00	32.61
11.95	1.00	32.79
11.96	1.00	32.98
11.97	1.01	33.14
11.98	1.01	33.31
11.99	1.01	33.52
12.00	1.01	33.70
12.01	1.01	33.89
12.02	1.01	34.07
12.03	1.01	34.25
12.04	1.01	34.41
12.05	1.01	34.58
12.06	1.01	34.78
12.07	1.01	34.97
12.08	1.01	35.13
12.09	1.02	35.29
12.10	1.02	35.47
12.11	1.02	35.65
12.12	1.02	35.85
12.13	1.02	36.05
12.14	1.02	36.24
12.15	1.02	36.41
12.16	1.02	36.59
12.17	1.02	36.78
12.18	1.02	36.96
12.19	1.02	37.15
12.20	1.02	37.31
12.21	1.03	37.48
12.22	1.03	37.67
12.23	1.03	37.86
12.24	1.03	38.04
12.25	1.03	38.22
12.26	1.03	38.38
12.27	1.03	38.54
12.28	1.03	38.74
12.29	1.03	38.94
12.30	1.03	39.11
12.31	1.03	39.27
12.32	1.03	39.44
12.33	1.04	39.63
12.34	1.04	39.83
12.35	1.04	39.99
12.36	1.04	40.14
12.37	1.04	40.32
12.38	1.04	40.49
12.39	1.04	40.68
12.40	1.04	40.88
12.41	1.04	41.04
12.42	1.04	41.18
12.43	1.04	41.38
12.44	1.04	41.61
12.45	1.05	41.77
12.46	1.05	41.93
12.47	1.05	42.14
12.48	1.05	42.32
12.49	1.05	42.48
12.50	1.05	42.66
12.51	1.05	42.84
12.52	1.05	43.02
12.53	1.05	43.21
12.54	1.05	43.37
12.55	1.05	43.53
12.56	1.05	43.70
12.57	1.06	43.87
12.58	1.06	44.05
12.59	1.06	44.25
12.60	1.06	44.47
12.61	1.06	44.64
12.62	1.06	44.82
12.63	1.06	45.02
12.64	1.06	45.17
12.65	1.06	45.34
12.66	1.06	45.53
12.67	1.06	45.70
12.68	1.06	45.87
12.69	1.07	46.05
12.70	1.07	46.22
12.71	1.07	46.39
12.72	1.07	46.57
12.73	1.07	46.77
12.74	1.07	46.98
12.75	1.07	47.18
12.76	1.07	47.35
12.77	1.07	47.52
12.78	1.07	47.69
12.79	1.07	47.87
12.80	1.07	48.03
12.81	1.08	48.20
12.82	1.08	48.37
12.83	1.08	48.54
12.84	1.08	48.74
12.85	1.08	48.91
12.86	1.08	49.08
12.87	1.08	49.26
12.88	1.08	49.44
12.89	1.08	49.59
12.90	1.08	49.76
12.91	1.08	49.95
12.92	1.08	50.13
12.93	1.09	50.33
12.94	1.09	50.50
12.95	1.09	50.62
12.96	1.09	50.81
12.97	1.09	51.01
12.98	1.09	51.19
12.99	1.09	51.36
13.00	1.09	51.51
13.01	1.09	51.66
13.02	1.09	51.83
13.03	1.09	52.03
13.04	1.09	52.19
13.05	1.10	52.36
13.06	1.10	52.53
13.07	1.10	52.71
13.08	1.10	52.90
13.09	1.10	53.08
13.10	1.10	53.26
13.11	1.10	53.43
13.12	1.10	53.60
13.13	1.10	53.78
13.14	1.10	53.94
13.15	1.10	54.12
13.16	1.10	54.32
13.17	1.11	54.47
13.18	1.11	54.65
13.19	1.11	54.83
13.20	1.11	55.01
13.21	1.11	55.19
13.22	1.11	55.35
13.23	1.11	55.51
13.24	1.11	55.70
13.25	1.11	55.91
13.26	1.11	56.08
13.27	1.11	56.23
13.28	1.11	56.42
13.29	1.12	56.58
13.30	1.12	56.73
13.31	1.12	56.89
13.32	1.12	57.06
13.33	1.12	57.26
13.34	1.12	57.44
13.35	1.12	57.60
13.36	1.12	57.76
13.37	1.12	57.94
13.38	1.12	58.13
13.39	1.12	58.30
13.40	1.12	58.46
13.41	1.13	58.65
13.42	1.13	58.82
13.43	1.13	58.96
13.44	1.13	59.13
13.45	1.13	59.31
13.46	1.13	59.44
13.47	1.13	59.60
13.48	1.13	59.78
13.49	1.13	59.94
13.50	1.13	60.12
13.51	1.13	60.27
13.52	1.13	60.45
13.53	1.14	60.65
13.54	1.14	60.81
13.55	1.14	60.96
13.56	1.14	61.12
13.57	1.14	61.29
13.58	1.14	61.46
13.59	1.14	61.63
13.60	1.14	61.77
13.61	1.14	61.91
13.62	1.14	62.08
13.63	1.14	62.27
13.64	1.14	62.43
13.65	1.15	62.59
13.66	1.15	62.75
13.67	1.15	62.92
13.68	1.15	63.10
13.69	1.15	63.26
13.70	1.15	63.44
13.71	1.15	63.59
13.72	1.15	63.73
13.73	1.15	63.93
13.74	1.15	64.08
13.75	1.15	64.24
13.76	1.15	64.38
13.77	1.16	64.53
13.78	1.16	64.70
13.79	1.16	64.84
13.80	1.16	64.99
13.81	1.16	65.17
13.82	1.16	65.34
13.83	1.16	65.50
13.84	1.16	65.65
13.85	1.16	65.82
13.86	1.16	66.00
13.87	1.16	66.17
13.88	1.16	66.32
13.89	1.17	66.48
13.90	1.17	66.64
13.91	1.17	66.77
13.92	1.17	66.91
13.93	1.17	67.07
13.94	1.17	67.24
13.95	1.17	67.38
13.96	1.17	67.54
13.97	1.17	67.72
13.98	1.17	67.86
13.99	1.17	67.99
14.00	1.17	68.15
14.01	1.18	68.31
14.02	1.18	68.47
14.03	1.18	68.63
14.04	1.18	68.78
14.05	1.18	68.91
14.06	1.18	69.07
14.07	1.18	69.23
14.08	1.18	69.36
14.09	1.18	69.51
14.10	1.18	69.66
14.11	1.18	69.81
14.12	1.18	69.96
14.13	1.19	70.12
14.14	1.19	70.27
14.15	1.19	70.42
14.16	1.19	70.57
14.17	1.19	70.74
14.18	1.19	70.90
14.19	1.19	71.05
14.20	1.19	71.18
14.21	1.19	71.29
14.22	1.19	71.42
14.23	1.19	71.57
14.24	1.19	71.72
14.25	1.20	71.86
14.26	1.20	72.00
14.27	1.20	72.15
14.28	1.20	72.31
14.29	1.20	72.46
14.30	1.20	72.61
14.31	1.20	72.76
14.32	1.20	72.91
14.33	1.20	73.06
14.34	1.20	73.20
14.35	1.20	73.36
14.36	1.20	73.53
14.37	1.21	73.66
14.38	1.21	73.79
14.39	1.21	73.96
14.40	1.21	74.09
14.41	1.21	74.21
14.42	1.21	74.36
14.43	1.21	74.51
14.44	1.21	74.68
14.45	1.21	74.82
14.46	1.21	74.95
14.47	1.21	75.08
14.48	1.21	75.23
14.49	1.22	75.39
14.50	1.22	75.54
14.51	1.22	75.67
14.52	1.22	75.79
14.53	1.22	75.90
14.54	1.22	76.06
14.55	1.22	76.20
14.56	1.22	76.32
14.57	1.22	76.46
14.58	1.22	76.59
14.59	1.22	76.73
14.60	1.22	76.88
14.61	1.23	77.02
14.62	1.23	77.16
14.63	1.23	77.32
14.64	1.23	77.43
14.65	1.23	77.54
14.66	1.23	77.70
14.67	1.23	77.86
14.68	1.23	78.00
14.69	1.23	78.11
14.70	1.23	78.21
14.71	1.23	78.34
14.72	1.23	78.48
14.73	1.24	78.60
14.74	1.24	78.74
14.75	1.24	78.88
14.76	1.24	79.01
14.77	1.24	79.15
14.78	1.24	79.28
14.79	1.24	79.42
14.80	1.24	79.56
14.81	1.24	79.69
14.82	1.24	79.81
14.83	1.24	79.94
14.84	1.24	80.06
14.85	1.25	80.19
14.86	1.25	80.34
14.87	1.25	80.45
14.88	1.25	80.58
14.89	1.25	80.73
14.90	1.25	80.89
14.91	1.25	81.02
14.92	1.25	81.14
14.93	1.25	81.29
14.94	1.25	81.41
14.95	1.25	81.54
14.96	1.25	81.67
14.97	1.26	81.80
14.98	1.26	81.92
14.99	1.26	82.03
15.00	1.26	82.17
15.01	1.26	82.29
15.02	1.26	82.40
15.03	1.26	82.52
15.04	1.26	82.65
15.05	1.26	82.81
15.06	1.26	82.93
15.07	1.26	83.04
15.08	1.26	83.17
15.09	1.27	83.32
15.10	1.27	83.45
15.11	1.27	83.58
15.12	1.27	83.71
15.13	1.27	83.82
15.14	1.27	83.92
15.15	1.27	84.04
15.16	1.27	84.17
15.17	1.27	84.30
15.18	1.27	84.43
15.19	1.27	84.53
15.20	1.27	84.63
15.21	1.28	84.77
15.22	1.28	84.90
15.23	1.28	85.00
15.24	1.28	85.13
15.25	1.28	85.26
15.26	1.28	85.37
15.27	1.28	85.49
15.28	1.28	85.63
15.29	1.28	85.75
15.30	1.28	85.85
15.31	1.28	85.96
15.32	1.28	86.05
15.33	1.29	86.18
15.34	1.29	86.30
15.35	1.29	86.41
15.36	1.29	86.56
15.37	1.29	86.67
15.38	1.29	86.78
15.39	1.29	86.91
15.40	1.29	87.05
15.41	1.29	87.18
15.42	1.29	87.28
15.43	1.29	87.40
15.44	1.29	87.52
15.45	1.30	87.64
15.46	1.30	87.74
15.47	1.30	87.86
15.48	1.30	87.98
15.49	1.30	88.08
15.50	1.30	88.19
15.51	1.30	88.32
15.52	1.30	88.44
15.53	1.30	88.53
15.54	1.30	88.64
15.55	1.30	88.78
15.56	1.30	88.91
15.57	1.31	89.04
15.58	1.31	89.14
15.59	1.31	89.23
15.60	1.31	89.34
15.61	1.31	89.46
15.62	1.31	89.58
15.63	1.31	89.69
15.64	1.31	89.79
15.65	1.31	89.90
15.66	1.31	90.03
15.67	1.31	90.14
15.68	1.31	90.24
15.69	1.32	90.36
15.70	1.32	90.46
15.71	1.32	90.57
15.72	1.32	90.69
15.73	1.32	90.78
15.74	1.32	90.89
15.75	1.32	91.00
15.76	1.32	91.13
15.77	1.32	91.22
15.78	1.32	91.28
15.79	1.32	91.40
15.80	1.32	91.50
15.81	1.33	91.58
15.82	1.33	91.68
15.83	1.33	91.80
15.84	1.33	91.90
15.85	1.33	92.00
15.86	1.33	92.11
15.87	1.33	92.23
15.88	1.33	92.34
15.89	1.33	92.44
15.90	1.33	92.55
15.91	1.33	92.64
15.92	1.33	92.73
15.93	1.34	92.83
15.94	1.34	92.91
15.95	1.34	93.00
15.96	1.34	93.13
15.97	1.34	93.25
15.98	1.34	93.34
15.99	1.34	93.43
16.00	1.34	93.53
16.01	1.34	93.63
16.02	1.34	93.76
16.03	1.34	93.87
16.04	1.34	93.95
16.05	1.35	94.04
16.06	1.35	94.13
16.07	1.35	94.21
16.08	1.35	94.32
16.09	1.35	94.43
16.10	1.35	94.52
16.11	1.35	94.59
16.12	1.35	94.69
16.13	1.35	94.79
16.14	1.35	94.90
16.15	1.35	95.02
16.16	1.35	95.12
16.17	1.36	95.21
16.18	1.36	95.29
16.19	1.36	95.40
16.20	1.36	95.49
16.21	1.36	95.57
16.22	1.36	95.68
16.23	1.36	95.77
16.24	1.36	95.85
16.25	1.36	95.94
16.26	1.36	96.02
16.27	1.36	96.12
16.28	1.36	96.23
16.29	1.37	96.31
16.30	1.37	96.39
16.31	1.37	96.50
16.32	1.37	96.60
16.33	1.37	96.69
16.34	1.37	96.78
16.35	1.37	96.85
16.36	1.37	96.94
16.37	1.37	97.04
16.38	1.37	97.14
16.39	1.37	97.21
16.40	1.37	97.31
16.41	1.38	97.39
16.42	1.38	97.47
16.43	1.38	97.55
16.44	1.38	97.62
16.45	1.38	97.72
16.46	1.38	97.81
16.47	1.38	97.91
16.48	1.38	98.01
16.49	1.38	98.09
16.50	1.38	98.18
16.51	1.38	98.28
16.52	1.38	98.36
16.53	1.39	98.44
16.54	1.39	98.52
16.55	1.39	98.59
16.56	1.39	98.69
16.57	1.39	98.78
16.58	1.39	98.86
16.59	1.39	98.95
16.60	1.39	99.04
16.61	1.39	99.14
16.62	1.39	99.22
16.63	1.39	99.31
16.64	1.39	99.41
16.65	1.40	99.51
16.66	1.40	99.58
16.67	1.40	99.65
16.68	1.40	99.73
16.69	1.40	99.79
16.70	1.40	99.89
16.71	1.40	99.98
16.72	1.40	100.05
16.73	1.40	100.11
16.74	1.40	100.21
16.75	1.40	100.32
16.76	1.40	100.40
16.77	1.41	100.49
16.78	1.41	100.55
16.79	1.41	100.63
16.80	1.41	100.73
16.81	1.41	100.82
16.82	1.41	100.90
16.83	1.41	100.96
16.84	1.41	101.02
16.85	1.41	101.11
16.86	1.41	101.18
16.87	1.41	101.27
16.88	1.41	101.33
16.89	1.42	101.42
16.90	1.42	101.52
16.91	1.42	101.58
16.92	1.42	101.66
16.93	1.42	101.76
16.94	1.42	101.81
16.95	1.42	101.87
16.96	1.42	101.96
16.97	1.42	102.04
16.98	1.42	102.13
16.99	1.42	102.21
17.00	1.42	102.26
17.01	1.43	102.33
17.02	1.43	102.39
17.03	1.43	102.46
17.04	1.43	102.53
17.05	1.43	102.61
17.06	1.43	102.69
17.07	1.43	102.76
17.08	1.43	102.83
17.09	1.43	102.91
17.10	1.43	102.98
17.11	1.43	103.05
17.12	1.43	103.12
17.13	1.44	103.20
17.14	1.44	103.26
17.15	1.44	103.34
17.16	1.44	103.41
17.17	1.44	103.47
17.18	1.44	103.53
17.19	1.44	103.59
17.20	1.44	103.66
17.21	1.44	103.74
17.22	1.44	103.80
17.23	1.44	103.89
17.24	1.44	103.99
17.25	1.45	104.05
17.26	1.45	104.12
17.27	1.45	104.19
17.28	1.45	104.25
17.29	1.45	104.32
17.30	1.45	104.39
17.31	1.45	104.45
17.32	1.45	104.53
17.33	1.45	104.58
17.34	1.45	104.63
17.35	1.45	104.72
17.36	1.45	104.79
17.37	1.46	104.85
17.38	1.46	104.91
17.39	1.46	104.98
17.40	1.46	105.08
17.41	1.46	105.14
17.42	1.46	105.20
17.43	1.46	105.26
17.44	1.46	105.31
17.45	1.46	105.40
17.46	1.46	105.45
17.47	1.46	105.52
17.48	1.46	105.57
17.49	1.47	105.61
17.50	1.47	105.69
17.51	1.47	105.76
17.52	1.47	105.81
17.53	1.47	105.86
17.54	1.47	105.94
17.55	1.47	106.01
17.56	1.47	106.06
17.57	1.47	106.11
17.58	1.47	106.18
17.59	1.47	106.26
17.60	1.47	106.31
17.61	1.48	106.36
17.62	1.48	106.42
17.63	1.48	106.47
17.64	1.48	106.52
17.65	1.48	106.58
17.66	1.48	106.65
17.67	1.48	106.70
17.68	1.48	106.77
17.69	1.48	106.84
17.70	1.48	106.88
17.71	1.48	106.96
17.72	1.48	107.03
17.73	1.49	107.09
17.74	1.49	107.13
17.75	1.49	107.20
17.76	1.49	107.27
17.77	1.49	107.31
17.78	1.49	107.36
17.79	1.49	107.39
17.80	1.49	107.46
17.81	1.49	107.54
17.82	1.49	107.58
17.83	1.49	107.64
17.84	1.49	107.71
17.85	1.50	107.77
17.86	1.50	107.81
17.87	1.50	107.87
17.88	1.50	107.94
17.89	1.50	108.00
17.90	1.50	108.06
17.91	1.50	108.13
17.92	1.50	108.18
17.93	1.50	108.21
17.94	1.50	108.26
17.95	1.50	108.32
17.96	1.50	108.38
17.97	1.51	108.42
17.98	1.51	108.48
17.99	1.51	108.53
18.00	1.51	108.55
18.01	1.51	108.60
18.02	1.51	108.68
18.03	1.51	108.73
18.04	1.51	108.79
18.05	1.51	108.84
18.06	1.51	108.87
18.07	1.51	108.92
18.08	1.51	108.95
18.09	1.52	109.00
18.10	1.52	109.06
18.11	1.52	109.11
18.12	1.52	109.17
18.13	1.52	109.19
18.14	1.52	109.24
18.15	1.52	109.30
18.16	1.52	109.34
18.17	1.52	109.41
18.18	1.52	109.43
18.19	1.52	109.48
18.20	1.52	109.55
18.21	1.53	109.58
18.22	1.53	109.61
18.23	1.53	109.65
18.24	1.53	109.71
18.25	1.53	109.76
18.26	1.53	109.80
18.27	1.53	109.85
18.28	1.53	109.86
18.29	1.53	109.90
18.30	1.53	109.99
18.31	1.53	110.04
18.32	1.53	110.06
18.33	1.54	110.14
18.34	1.54	110.18
18.35	1.54	110.21
18.36	1.54	110.28
18.37	1.54	110.31
18.38	1.54	110.34
18.39	1.54	110.39
18.40	1.54	110.44
18.41	1.54	110.49
18.42	1.54	110.52
18.43	1.54	110.56
18.44	1.54	110.61
18.45	1.55	110.67
18.46	1.55	110.71
18.47	1.55	110.75
18.48	1.55	110.82
18.49	1.55	110.84
18.50	1.55	110.89
18.51	1.55	110.95
18.52	1.55	110.98
18.53	1.55	111.02
18.54	1.55	111.04
18.55	1.55	111.08
18.56	1.55	111.12
18.57	1.56	111.16
18.58	1.56	111.18
18.59	1.56	111.21
18.60	1.56	111.26
18.61	1.56	111.29
18.62	1.56	111.34
18.63	1.56	111.41
18.64	1.56	111.47
18.65	1.56	111.49
18.66	1.56	111.51
18.67	1.56	111.56
18.68	1.56	111.60
18.69	1.57	111.64
18.70	1.57	111.67
18.71	1.57	111.68
18.72	1.57	111.73
18.73	1.57	111.77
18.74	1.57	111.78
18.75	1.57	111.83
18.76	1.57	111.87
18.77	1.57	111.88
18.78	1.57	111.93
18.79	1.57	111.99
18.80	1.57	112.04
18.81	1.58	112.08
18.82	1.58	112.11
18.83	1.58	112.14
18.84	1.58	112.16
18.85	1.58	112.18
18.86	1.58	112.20
18.87	1.58	112.23
18.88	1.58	112.27
18.89	1.58	112.31
18.90	1.58	112.37
18.91	1.58	112.38
18.92	1.58	112.39
18.93	1.59	112.43
18.94	1.59	112.49
18.95	1.59	112.55
18.96	1.59	112.58
18.97	1.59	112.58
18.98	1.59	112.62
18.99	1.59	112.67
19.00	1.59	112.71
19.01	1.59	112.74
19.02	1.59	112.76
19.03	1.59	112.80
19.04	1.59	112.84
19.05	1.60	112.85
19.06	1.60	112.90
19.07	1.60	112.95
19.08	1.60	112.97
19.09	1.60	112.98
19.10	1.60	113.04
19.11	1.60	113.07
19.12	1.60	113.08
19.13	1.60	113.10
19.14	1.60	113.15
19.15	1.60	113.18
19.16	1.60	113.22
19.17	1.61	113.23
19.18	1.61	113.26
19.19	1.61	113.30
19.20	1.61	113.32
19.21	1.61	113.34
19.22	1.61	113.37
19.23	1.61	113.42
19.24	1.61	113.44
19.25	1.61	113.46
19.26	1.61	113.48
19.27	1.61	113.50
19.28	1.61	113.54
19.29	1.62	113.59
19.30	1.62	113.61
19.31	1.62	113.61
19.32	1.62	113.64
19.33	1.62	113.65
19.34	1.62	113.67
19.35	1.62	113.70
19.36	1.62	113.75
19.37	1.62	113.79
19.38	1.62	113.79
19.39	1.62	113.81
19.40	1.62	113.85
19.41	1.63	113.90
19.42	1.63	113.92
19.43	1.63	113.93
19.44	1.63	113.95
19.45	1.63	113.99
19.46	1.63	114.01
19.47	1.63	114.04
19.48	1.63	114.07
19.49	1.63	114.07
19.50	1.63	114.08
19.51	1.63	114.12
19.52	1.63	114.17
19.53	1.64	114.20
19.54	1.64	114.23
19.55	1.64	114.26
19.56	1.64	114.27
19.57	1.64	114.30
19.58	1.64	114.33
19.59	1.64	114.36
19.60	1.64	114.39
19.61	1.64	114.38
19.62	1.64	114.41
19.63	1.64	114.46
19.64	1.64	114.46
19.65	1.65	114.45
19.66	1.65	114.49
19.67	1.65	114.51
19.68	1.65	114.54
19.69	1.65	114.59
19.70	1.65	114.59
19.71	1.65	114.62
19.72	1.65	114.65
19.73	1.65	114.68
19.74	1.65	114.70
19.75	1.65	114.71
19.76	1.65	114.72
19.77	1.66	114.76
19.78	1.66	114.81
19.79	1.66	114.83
19.80	1.66	114.83
19.81	1.66	114.84
19.82	1.66	114.88
19.83	1.66	114.91
19.84	1.66	114.91
19.85	1.66	114.95
19.86	1.66	114.99
19.87	1.66	115.00
19.88	1.66	115.01
19.89	1.67	115.04
19.90	1.67	115.08
19.91	1.67	115.09
19.92	1.67	115.09
19.93	1.67	115.10
19.94	1.67	115.14
19.95	1.67	115.16
19.96	1.67	115.16
19.97	1.67	115.17
19.98	1.67	115.19
19.99	1.67	115.23
20.00	1.67	115.24
20.01	1.68	115.26
20.02	1.68	115.28
20.03	1.68	115.31
20.04	1.68	115.31
20.05	1.68	115.33
20.06	1.68	115.36
20.07	1.68	115.39
20.08	1.68	115.42
20.09	1.68	115.43
20.10	1.68	115.45
20.11	1.68	115.44
20.12	1.68	115.47
20.13	1.69	115.49
20.14	1.69	115.50
20.15	1.69	115.53
20.16	1.69	115.54
20.17	1.69	115.58
20.18	1.69	115.61
20.19	1.69	115.60
20.20	1.69	115.63
20.21	1.69	115.65
20.22	1.69	115.68
20.23	1.69	115.70
20.24	1.69	115.71
20.25	1.70	115.72
20.26	1.70	115.74
20.27	1.70	115.78
20.28	1.70	115.79
20.29	1.70	115.80
20.30	1.70	115.82
20.31	1.70	115.86
20.32	1.70	115.87
20.33	1.70	115.88
20.34	1.70	115.91
20.35	1.70	115.90
20.36	1.70	115.90
20.37	1.71	115.94
20.38	1.71	115.97
20.39	1.71	115.97
20.40	1.71	115.97
20.41	1.71	116.00
20.42	1.71	116.01
20.43	1.71	116.01
20.44	1.71	116.03
20.45	1.71	116.05
20.46	1.71	116.07
20.47	1.71	116.07
20.48	1.71	116.10
20.49	1.72	116.11
20.50	1.72	116.11
20.51	1.72	116.13
20.52	1.72	116.16
20.53	1.72	116.17
20.54	1.72	116.18
20.55	1.72	116.19
20.56	1.72	116.19
20.57	1.72	116.21
20.58	1.72	116.20
20.59	1.72	116.24
20.60	1.72	116.26
20.61	1.73	116.26
20.62	1.73	116.29
20.63	1.73	116.32
20.64	1.73	116.32
20.65	1.73	116.32
20.66	1.73	116.37
20.67	1.73	116.41
20.68	1.73	116.41
20.69	1.73	116.41
20.70	1.73	116.41
20.71	1.73	116.44
20.72	1.73	116.44
20.73	1.74	116.45
20.74	1.74	116.48
20.75	1.74	116.48
20.76	1.74	116.51
20.77	1.74	116.53
20.78	1.74	116.56
20.79	1.74	116.59
20.80	1.74	116.60
20.81	1.74	116.61
20.82	1.74	116.62
20.83	1.74	116.62
20.84	1.74	116.61
20.85	1.75	116.64
20.86	1.75	116.67
20.87	1.75	116.65
20.88	1.75	116.66
20.89	1.75	116.66
20.90	1.75	116.69
20.91	1.75	116.69
20.92	1.75	116.69
20.93	1.75	116.73
20.94	1.75	116.74
20.95	1.75	116.77
20.96	1.75	116.77
20.97	1.76	116.77
20.98	1.76	116.78
20.99	1.76	116.79
21.00	1.76	116.81
21.01	1.76	116.83
21.02	1.76	116.84
21.03	1.76	116.84
21.04	1.76	116.85
21.05	1.76	116.86
21.06	1.76	116.84
21.07	1.76	116.85
21.08	1.76	116.86
21.09	1.77	116.89
21.10	1.77	116.94
21.11	1.77	116.94
21.12	1.77	116.93
21.13	1.77	116.94
21.14	1.77	116.95
21.15	1.77	116.96
21.16	1.77	116.96
21.17	1.77	116.97
21.18	1.77	117.01
21.19	1.77	117.04
21.20	1.77	117.02
21.21	1.78	117.01
21.22	1.78	117.06
21.23	1.78	117.07
21.24	1.78	117.05
21.25	1.78	117.07
21.26	1.78	117.12
21.27	1.78	117.16
21.28	1.78	117.17
21.29	1.78	117.17
21.30	1.78	117.17
21.31	1.78	117.15
21.32	1.78	117.18
21.33	1.79	117.20
21.34	1.79	117.20
21.35	1.79	117.20
21.36	1.79	117.21
21.37	1.79	117.25
21.38	1.79	117.28
21.39	1.79	117.27
21.40	1.79	117.27
21.41	1.79	117.30
21.42	1.79	117.34
21.43	1.79	117.35
21.44	1.79	117.34
21.45	1.80	117.35
21.46	1.80	117.37
21.47	1.80	117.36
21.48	1.80	117.35
21.49	1.80	117.34
21.50	1.80	117.37
21.51	1.80	117.39
21.52	1.80	117.41
21.53	1.80	117.41
21.54	1.80	117.42
21.55	1.80	117.44
21.56	1.80	117.46
21.57	1.81	117.46
21.58	1.81	117.46
21.59	1.81	117.48
21.60	1.81	117.51
21.61	1.81	117.53
21.62	1.81	117.52
21.63	1.81	117.50
21.64	1.81	117.50
21.65	1.81	117.51
21.66	1.81	117.54
21.67	1.81	117.54
21.68	1.81	117.56
21.69	1.82	117.57
21.70	1.82	117.58
21.71	1.82	117.59
21.72	1.82	117.59
21.73	1.82	117.61
21.74	1.82	117.62
21.75	1.82	117.64
21.76	1.82	117.66
21.77	1.82	117.65
21.78	1.82	117.65
21.79	1.82	117.67
21.80	1.82	117.68
21.81	1.83	117.71
21.82	1.83	117.71
21.83	1.83	117.70
21.84	1.83	117.72
21.85	1.83	117.73
21.86	1.83	117.73
21.87	1.83	117.74
21.88	1.83	117.76
21.89	1.83	117.79
21.90	1.83	117.81
21.91	1.83	117.82
21.92	1.83	117.84
21.93	1.84	117.84
21.94	1.84	117.81
21.95	1.84	117.82
21.96	1.84	117.84
21.97	1.84	117.84
21.98	1.84	117.86
21.99	1.84	117.88
22.00	1.84	117.87
22.01	1.84	117.91
22.02	1.84	117.94
22.03	1.84	117.94
22.04	1.84	117.95
22.05	1.85	117.94
22.06	1.85	117.97
22.07	1.85	118.00
22.08	1.85	117.98
22.09	1.85	117.98
22.10	1.85	117.98
22.11	1.85	117.96
22.12	1.85	117.96
22.13	1.85	117.99
22.14	1.85	118.01
22.15	1.85	117.99
22.16	1.85	118.01
22.17	1.86	118.05
22.18	1.86	118.06
22.19	1.86	118.05
22.20	1.86	118.06
22.21	1.86	118.07
22.22	1.86	118.06
22.23	1.86	118.05
22.24	1.86	118.06
22.25	1.86	118.06
22.26	1.86	118.07
22.27	1.86	118.08
22.28	1.86	118.08
22.29	1.87	118.09
22.30	1.87	118.11
22.31	1.87	118.11
22.32	1.87	118.12
22.33	1.87	118.12
22.34	1.87	118.12
22.35	1.87	118.12
22.36	1.87	118.15
22.37	1.87	118.18
22.38	1.87	118.19
22.39	1.87	118.17
22.40	1.87	118.18
22.41	1.88	118.20
22.42	1.88	118.19
22.43	1.88	118.19
22.44	1.88	118.22
22.45	1.88	118.22
22.46	1.88	118.22
22.47	1.88	118.21
22.48	1.88	118.21
22.49	1.88	118.22
22.50	1.88	118.22
22.51	1.88	118.22
22.52	1.88	118.25
22.53	1.89	118.24
22.54	1.89	118.23
22.55	1.89	118.24
22.56	1.89	118.22
22.57	1.89	118.21
22.58	1.89	118.20
22.59	1.89	118.19
22.60	1.89	107.54
22.61	1.89	50.00
