0.01	0.01	1.45
0.02	0.01	1.56
0.03	0.01	1.70
0.04	0.01	1.84
0.05	0.01	1.96
0.06	0.01	2.05
0.07	0.01	2.15
0.08	0.01	2.23
0.09	0.02	2.32
0.10	0.02	2.39
0.11	0.02	2.46
0.12	0.02	2.53
0.13	0.02	2.60
0.14	0.02	2.67
0.15	0.02	2.74
0.16	0.02	2.83
0.17	0.02	2.88
0.18	0.02	2.98
0.19	0.02	3.10
0.20	0.02	3.17
0.21	0.03	3.25
0.22	0.03	3.36
0.23	0.03	3.44
0.24	0.03	3.51
0.25	0.03	3.58
0.26	0.03	3.67
0.27	0.03	3.74
0.28	0.03	3.72
0.29	0.03	3.62
0.30	0.03	3.58
0.31	0.03	3.63
0.32	0.03	3.66
0.33	0.04	3.74
0.34	0.04	3.84
0.35	0.04	3.83
0.36	0.04	3.82
0.37	0.04	3.81
0.38	0.04	3.80
0.39	0.04	3.83
0.40	0.04	3.90
0.41	0.04	3.96
0.42	0.04	3.93
0.43	0.04	3.93
0.44	0.04	3.96
0.45	0.05	3.96
0.46	0.05	4.00
0.47	0.05	4.04
0.48	0.05	4.07
0.49	0.05	4.10
0.50	0.05	4.13
0.51	0.05	4.16
0.52	0.05	4.16
0.53	0.05	4.18
0.54	0.05	4.19
0.55	0.05	4.20
0.56	0.05	4.21
0.57	0.06	4.24
0.58	0.06	4.26
0.59	0.06	4.26
0.60	0.06	4.28
0.61	0.06	4.28
0.62	0.06	4.31
0.63	0.06	4.36
0.64	0.06	4.35
0.65	0.06	4.37
0.66	0.06	4.38
0.67	0.06	4.39
0.68	0.06	4.46
0.69	0.07	4.49
0.70	0.07	4.48
0.71	0.07	4.46
0.72	0.07	4.44
0.73	0.07	4.48
0.74	0.07	4.51
0.75	0.07	4.54
0.76	0.07	4.58
0.77	0.07	4.56
0.78	0.07	4.59
0.79	0.07	4.63
0.80	0.07	4.63
0.81	0.08	4.68
0.82	0.08	4.68
0.83	0.08	4.68
0.84	0.08	4.70
0.85	0.08	4.71
0.86	0.08	4.72
0.87	0.08	4.73
0.88	0.08	4.74
0.89	0.08	4.74
0.90	0.08	4.77
0.91	0.08	4.79
0.92	0.08	4.80
0.93	0.09	4.79
0.94	0.09	4.82
0.95	0.09	4.85
0.96	0.09	4.85
0.97	0.09	4.88
0.98	0.09	4.90
0.99	0.09	4.89
1.00	0.09	4.90
1.01	0.09	4.88
1.02	0.09	4.88
1.03	0.09	4.91
1.04	0.09	4.93
1.05	0.10	4.94
1.06	0.10	4.94
1.07	0.10	4.93
1.08	0.10	4.94
1.09	0.10	4.95
1.10	0.10	4.94
1.11	0.10	4.97
1.12	0.10	4.98
1.13	0.10	4.97
1.14	0.10	4.97
1.15	0.10	4.99
1.16	0.10	5.02
1.17	0.11	5.07
1.18	0.11	5.20
1.19	0.11	5.37
1.20	0.11	5.53
1.21	0.11	5.67
1.22	0.11	5.83
1.23	0.11	5.96
1.24	0.11	6.07
1.25	0.11	6.13
1.26	0.11	6.24
1.27	0.11	6.43
1.28	0.11	6.55
1.29	0.12	6.64
1.30	0.12	6.71
1.31	0.12	6.74
1.32	0.12	6.73
1.33	0.12	6.69
1.34	0.12	6.66
1.35	0.12	6.70
1.36	0.12	6.71
1.37	0.12	6.73
1.38	0.12	6.78
1.39	0.12	6.82
1.40	0.12	6.87
1.41	0.13	6.92
1.42	0.13	6.95
1.43	0.13	6.96
1.44	0.13	6.98
1.45	0.13	6.95
1.46	0.13	6.92
1.47	0.13	6.88
1.48	0.13	6.83
1.49	0.13	6.80
1.50	0.13	6.78
1.51	0.13	6.78
1.52	0.13	6.78
1.53	0.14	6.82
1.54	0.14	6.86
1.55	0.14	6.90
1.56	0.14	6.96
1.57	0.14	6.97
1.58	0.14	6.99
1.59	0.14	6.98
1.60	0.14	6.97
1.61	0.14	6.95
1.62	0.14	6.90
1.63	0.14	6.84
1.64	0.14	6.80
1.65	0.15	6.78
1.66	0.15	6.76
1.67	0.15	6.78
1.68	0.15	6.81
1.69	0.15	6.85
1.70	0.15	6.92
1.71	0.15	6.97
1.72	0.15	6.98
1.73	0.15	7.00
1.74	0.15	7.00
1.75	0.15	6.95
1.76	0.15	6.89
1.77	0.16	6.87
1.78	0.16	6.85
1.79	0.16	6.83
1.80	0.16	6.82
1.81	0.16	6.82
1.82	0.16	6.83
1.83	0.16	6.88
1.84	0.16	6.91
1.85	0.16	6.91
1.86	0.16	6.94
1.87	0.16	6.94
1.88	0.16	6.92
1.89	0.17	6.92
1.90	0.17	6.91
1.91	0.17	6.86
1.92	0.17	6.82
1.93	0.17	6.80
1.94	0.17	6.81
1.95	0.17	6.82
1.96	0.17	6.82
1.97	0.17	6.85
1.98	0.17	6.88
1.99	0.17	6.88
2.00	0.17	6.90
2.01	0.18	6.94
2.02	0.18	6.92
2.03	0.18	6.91
2.04	0.18	6.90
2.05	0.18	6.87
2.06	0.18	6.86
2.07	0.18	6.87
2.08	0.18	6.88
2.09	0.18	6.86
2.10	0.18	6.87
2.11	0.18	6.88
2.12	0.18	6.87
2.13	0.19	6.89
2.14	0.19	6.90
2.15	0.19	6.87
2.16	0.19	6.87
2.17	0.19	6.91
2.18	0.19	6.92
2.19	0.19	6.91
2.20	0.19	6.90
2.21	0.19	6.91
2.22	0.19	6.90
2.23	0.19	6.89
2.24	0.19	6.89
2.25	0.20	6.90
2.26	0.20	6.91
2.27	0.20	6.90
2.28	0.20	6.88
2.29	0.20	6.91
2.30	0.20	6.89
2.31	0.20	6.89
2.32	0.20	6.92
2.33	0.20	6.96
2.34	0.20	6.96
2.35	0.20	6.96
2.36	0.20	6.97
2.37	0.21	6.96
2.38	0.21	6.95
2.39	0.21	6.95
2.40	0.21	6.96
2.41	0.21	6.93
2.42	0.21	6.90
2.43	0.21	6.92
2.44	0.21	6.93
2.45	0.21	6.96
2.46	0.21	7.00
2.47	0.21	6.99
2.48	0.21	7.00
2.49	0.22	7.01
2.50	0.22	7.01
2.51	0.22	7.00
2.52	0.22	7.01
2.53	0.22	7.00
2.54	0.22	6.97
2.55	0.22	6.94
2.56	0.22	6.93
2.57	0.22	6.96
2.58	0.22	6.95
2.59	0.22	6.95
2.60	0.22	6.98
2.61	0.23	7.02
2.62	0.23	7.05
2.63	0.23	7.05
2.64	0.23	7.04
2.65	0.23	7.03
2.66	0.23	6.98
2.67	0.23	6.96
2.68	0.23	6.94
2.69	0.23	6.93
2.70	0.23	6.91
2.71	0.23	6.90
2.72	0.23	6.91
2.73	0.24	6.92
2.74	0.24	6.97
2.75	0.24	7.00
2.76	0.24	7.04
2.77	0.24	7.05
2.78	0.24	7.03
2.79	0.24	7.01
2.80	0.24	7.00
2.81	0.24	7.00
2.82	0.24	6.99
2.83	0.24	6.96
2.84	0.24	6.93
2.85	0.25	6.90
2.86	0.25	6.90
2.87	0.25	6.91
2.88	0.25	6.94
2.89	0.25	6.99
2.90	0.25	7.02
2.91	0.25	7.06
2.92	0.25	7.08
2.93	0.25	7.06
2.94	0.25	7.05
2.95	0.25	7.01
2.96	0.25	6.97
2.97	0.26	6.94
2.98	0.26	6.93
2.99	0.26	6.88
3.00	0.26	6.86
3.01	0.26	6.89
3.02	0.26	6.90
3.03	0.26	6.91
3.04	0.26	6.98
3.05	0.26	7.08
3.06	0.26	7.12
3.07	0.26	7.13
3.08	0.26	7.10
3.09	0.27	7.06
3.10	0.27	7.06
3.11	0.27	7.03
3.12	0.27	6.97
3.13	0.27	6.93
3.14	0.27	6.91
3.15	0.27	6.88
3.16	0.27	6.89
3.17	0.27	6.91
3.18	0.27	6.94
3.19	0.27	6.99
3.20	0.27	7.04
3.21	0.28	7.12
3.22	0.28	7.13
3.23	0.28	7.13
3.24	0.28	7.09
3.25	0.28	7.04
3.26	0.28	7.00
3.27	0.28	6.93
3.28	0.28	6.90
3.29	0.28	6.87
3.30	0.28	6.83
3.31	0.28	6.85
3.32	0.28	6.89
3.33	0.29	6.93
3.34	0.29	7.01
3.35	0.29	7.09
3.36	0.29	7.10
3.37	0.29	7.16
3.38	0.29	7.20
3.39	0.29	7.13
3.40	0.29	7.09
3.41	0.29	7.04
3.42	0.29	6.95
3.43	0.29	6.90
3.44	0.29	6.85
3.45	0.30	6.82
3.46	0.30	6.82
3.47	0.30	6.88
3.48	0.30	6.92
3.49	0.30	6.99
3.50	0.30	7.09
3.51	0.30	7.14
3.52	0.30	7.18
3.53	0.30	7.21
3.54	0.30	7.17
3.55	0.30	7.06
3.56	0.30	6.98
3.57	0.31	6.91
3.58	0.31	6.86
3.59	0.31	6.83
3.60	0.31	6.83
3.61	0.31	6.85
3.62	0.31	6.91
3.63	0.31	7.01
3.64	0.31	7.08
3.65	0.31	7.13
3.66	0.31	7.19
3.67	0.31	7.23
3.68	0.31	7.20
3.69	0.32	7.14
3.70	0.32	7.07
3.71	0.32	7.00
3.72	0.32	6.97
3.73	0.32	6.93
3.74	0.32	6.90
3.75	0.32	6.93
3.76	0.32	7.00
3.77	0.32	7.05
3.78	0.32	7.09
3.79	0.32	7.14
3.80	0.32	7.17
3.81	0.33	7.19
3.82	0.33	7.22
3.83	0.33	7.21
3.84	0.33	7.18
3.85	0.33	7.15
3.86	0.33	7.10
3.87	0.33	7.06
3.88	0.33	7.04
3.89	0.33	7.04
3.90	0.33	7.04
3.91	0.33	7.06
3.92	0.33	7.09
3.93	0.34	7.14
3.94	0.34	7.20
3.95	0.34	7.22
3.96	0.34	7.23
3.97	0.34	7.26
3.98	0.34	7.25
3.99	0.34	7.23
4.00	0.34	7.18
4.01	0.34	7.13
4.02	0.34	7.10
4.03	0.34	7.05
4.04	0.34	7.02
4.05	0.35	7.01
4.06	0.35	7.04
4.07	0.35	7.08
4.08	0.35	7.13
4.09	0.35	7.20
4.10	0.35	7.24
4.11	0.35	7.28
4.12	0.35	7.33
4.13	0.35	7.35
4.14	0.35	7.31
4.15	0.35	7.26
4.16	0.35	7.21
4.17	0.36	7.10
4.18	0.36	7.01
4.19	0.36	6.98
4.20	0.36	6.99
4.21	0.36	7.01
4.22	0.36	7.04
4.23	0.36	7.11
4.24	0.36	7.18
4.25	0.36	7.28
4.26	0.36	7.36
4.27	0.36	7.40
4.28	0.36	7.43
4.29	0.37	7.38
4.30	0.37	7.29
4.31	0.37	7.18
4.32	0.37	7.08
4.33	0.37	7.01
4.34	0.37	6.95
4.35	0.37	6.92
4.36	0.37	6.95
4.37	0.37	7.03
4.38	0.37	7.14
4.39	0.37	7.24
4.40	0.37	7.34
4.41	0.38	7.42
4.42	0.38	7.50
4.43	0.38	7.53
4.44	0.38	7.42
4.45	0.38	7.26
4.46	0.38	7.13
4.47	0.38	7.01
4.48	0.38	6.94
4.49	0.38	6.92
4.50	0.38	6.90
4.51	0.38	6.97
4.52	0.38	7.09
4.53	0.39	7.21
4.54	0.39	7.32
4.55	0.39	7.41
4.56	0.39	7.49
4.57	0.39	7.51
4.58	0.39	7.47
4.59	0.39	7.36
4.60	0.39	7.19
4.61	0.39	7.06
4.62	0.39	6.99
4.63	0.39	6.96
4.64	0.39	6.94
4.65	0.40	6.96
4.66	0.40	7.03
4.67	0.40	7.14
4.68	0.40	7.26
4.69	0.40	7.35
4.70	0.40	7.44
4.71	0.40	7.50
4.72	0.40	7.49
4.73	0.40	7.44
4.74	0.40	7.37
4.75	0.40	7.23
4.76	0.40	7.11
4.77	0.41	7.04
4.78	0.41	6.97
4.79	0.41	6.98
4.80	0.41	7.01
4.81	0.41	7.10
4.82	0.41	7.20
4.83	0.41	7.28
4.84	0.41	7.39
4.85	0.41	7.46
4.86	0.41	7.52
4.87	0.41	7.51
4.88	0.41	7.44
4.89	0.42	7.34
4.90	0.42	7.21
4.91	0.42	7.10
4.92	0.42	7.03
4.93	0.42	7.00
4.94	0.42	7.00
4.95	0.42	7.05
4.96	0.42	7.11
4.97	0.42	7.18
4.98	0.42	7.29
4.99	0.42	7.40
5.00	0.42	7.53
5.01	0.43	7.61
5.02	0.43	7.59
5.03	0.43	7.52
5.04	0.43	7.43
5.05	0.43	7.32
5.06	0.43	7.19
5.07	0.43	7.10
5.08	0.43	7.10
5.09	0.43	7.12
5.10	0.43	7.20
5.11	0.43	7.28
5.12	0.43	7.34
5.13	0.44	7.41
5.14	0.44	7.49
5.15	0.44	7.57
5.16	0.44	7.66
5.17	0.44	7.68
5.18	0.44	7.65
5.19	0.44	7.59
5.20	0.44	7.46
5.21	0.44	7.35
5.22	0.44	7.30
5.23	0.44	7.25
5.24	0.44	7.24
5.25	0.45	7.27
5.26	0.45	7.32
5.27	0.45	7.41
5.28	0.45	7.50
5.29	0.45	7.58
5.30	0.45	7.66
5.31	0.45	7.73
5.32	0.45	7.75
5.33	0.45	7.73
5.34	0.45	7.66
5.35	0.45	7.54
5.36	0.45	7.46
5.37	0.46	7.42
5.38	0.46	7.38
5.39	0.46	7.38
5.40	0.46	7.42
5.41	0.46	7.49
5.42	0.46	7.55
5.43	0.46	7.64
5.44	0.46	7.72
5.45	0.46	7.78
5.46	0.46	7.84
5.47	0.46	7.88
5.48	0.46	7.87
5.49	0.47	7.84
5.50	0.47	7.83
5.51	0.47	7.84
5.52	0.47	7.87
5.53	0.47	7.94
5.54	0.47	8.02
5.55	0.47	8.13
5.56	0.47	8.22
5.57	0.47	8.28
5.58	0.47	8.36
5.59	0.47	8.42
5.60	0.47	8.47
5.61	0.48	8.52
5.62	0.48	8.56
5.63	0.48	8.58
5.64	0.48	8.59
5.65	0.48	8.61
5.66	0.48	8.62
5.67	0.48	8.66
5.68	0.48	8.68
5.69	0.48	8.68
5.70	0.48	8.69
5.71	0.48	8.69
5.72	0.48	8.71
5.73	0.49	8.75
5.74	0.49	8.78
5.75	0.49	8.79
5.76	0.49	8.81
5.77	0.49	8.83
5.78	0.49	8.87
5.79	0.49	8.89
5.80	0.49	8.89
5.81	0.49	8.93
5.82	0.49	8.93
5.83	0.49	8.95
5.84	0.49	8.99
5.85	0.50	9.01
5.86	0.50	9.01
5.87	0.50	9.04
5.88	0.50	9.08
5.89	0.50	9.08
5.90	0.50	9.08
5.91	0.50	9.07
5.92	0.50	9.08
5.93	0.50	9.11
5.94	0.50	9.11
5.95	0.50	9.12
5.96	0.50	9.11
5.97	0.51	9.11
5.98	0.51	9.13
5.99	0.51	9.17
6.00	0.51	9.18
6.01	0.51	9.17
6.02	0.51	9.18
6.03	0.51	9.19
6.04	0.51	9.19
6.05	0.51	9.21
6.06	0.51	9.24
6.07	0.51	9.25
6.08	0.51	9.22
6.09	0.52	9.23
6.10	0.52	9.24
6.11	0.52	9.24
6.12	0.52	9.27
6.13	0.52	9.28
6.14	0.52	9.29
6.15	0.52	9.28
6.16	0.52	9.29
6.17	0.52	9.30
6.18	0.52	9.31
6.19	0.52	9.32
6.20	0.52	9.32
6.21	0.53	9.35
6.22	0.53	9.39
6.23	0.53	9.39
6.24	0.53	9.41
6.25	0.53	9.42
6.26	0.53	9.41
6.27	0.53	9.39
6.28	0.53	9.40
6.29	0.53	9.40
6.30	0.53	9.42
6.31	0.53	9.41
6.32	0.53	9.40
6.33	0.54	9.42
6.34	0.54	9.41
6.35	0.54	9.42
6.36	0.54	9.47
6.37	0.54	9.46
6.38	0.54	9.46
6.39	0.54	9.49
6.40	0.54	9.50
6.41	0.54	9.52
6.42	0.54	9.54
6.43	0.54	9.55
6.44	0.54	9.55
6.45	0.55	9.55
6.46	0.55	9.56
6.47	0.55	9.58
6.48	0.55	9.57
6.49	0.55	9.58
6.50	0.55	9.57
6.51	0.55	9.59
6.52	0.55	9.61
6.53	0.55	9.59
6.54	0.55	9.61
6.55	0.55	9.61
6.56	0.55	9.59
6.57	0.56	9.60
6.58	0.56	9.60
6.59	0.56	9.59
6.60	0.56	9.60
6.61	0.56	9.62
6.62	0.56	9.60
6.63	0.56	9.60
6.64	0.56	9.60
6.65	0.56	9.63
6.66	0.56	9.63
6.67	0.56	9.62
6.68	0.56	9.62
6.69	0.57	9.65
6.70	0.57	9.68
6.71	0.57	9.66
6.72	0.57	9.64
6.73	0.57	9.69
6.74	0.57	9.71
6.75	0.57	9.70
6.76	0.57	9.73
6.77	0.57	9.75
6.78	0.57	9.74
6.79	0.57	9.75
6.80	0.57	9.77
6.81	0.58	9.77
6.82	0.58	9.78
6.83	0.58	9.80
6.84	0.58	9.80
6.85	0.58	9.80
6.86	0.58	9.80
6.87	0.58	9.81
6.88	0.58	9.81
6.89	0.58	9.82
6.90	0.58	9.81
6.91	0.58	9.81
6.92	0.58	9.84
6.93	0.59	9.86
6.94	0.59	9.85
6.95	0.59	9.84
6.96	0.59	9.83
6.97	0.59	9.87
6.98	0.59	9.89
6.99	0.59	9.90
7.00	0.59	9.89
7.01	0.59	9.89
7.02	0.59	9.90
7.03	0.59	9.89
7.04	0.59	9.93
7.05	0.60	9.93
7.06	0.60	9.92
7.07	0.60	9.94
7.08	0.60	9.93
7.09	0.60	9.92
7.10	0.60	9.93
7.11	0.60	9.94
7.12	0.60	9.92
7.13	0.60	9.92
7.14	0.60	9.96
7.15	0.60	9.97
7.16	0.60	9.96
7.17	0.61	9.95
7.18	0.61	9.95
7.19	0.61	9.93
7.20	0.61	9.95
7.21	0.61	9.96
7.22	0.61	9.96
7.23	0.61	9.99
7.24	0.61	9.98
7.25	0.61	10.00
7.26	0.61	10.01
7.27	0.61	10.01
7.28	0.61	10.01
7.29	0.62	10.01
7.30	0.62	10.01
7.31	0.62	10.01
7.32	0.62	10.02
7.33	0.62	10.02
7.34	0.62	10.01
7.35	0.62	10.00
7.36	0.62	9.99
7.37	0.62	10.01
7.38	0.62	10.02
7.39	0.62	10.02
7.40	0.62	10.05
7.41	0.63	10.06
7.42	0.63	10.02
7.43	0.63	10.02
7.44	0.63	10.04
7.45	0.63	10.02
7.46	0.63	10.02
7.47	0.63	10.02
7.48	0.63	10.04
7.49	0.63	10.06
7.50	0.63	10.06
7.51	0.63	10.07
7.52	0.63	10.08
7.53	0.64	10.09
7.54	0.64	10.09
7.55	0.64	10.09
7.56	0.64	10.09
7.57	0.64	10.11
7.58	0.64	10.11
7.59	0.64	10.13
7.60	0.64	10.15
7.61	0.64	10.14
7.62	0.64	10.15
7.63	0.64	10.15
7.64	0.64	10.15
7.65	0.65	10.16
7.66	0.65	10.16
7.67	0.65	10.16
7.68	0.65	10.18
7.69	0.65	10.19
7.70	0.65	10.21
7.71	0.65	10.23
7.72	0.65	10.23
7.73	0.65	10.22
7.74	0.65	10.21
7.75	0.65	10.24
7.76	0.65	10.27
7.77	0.66	10.25
7.78	0.66	10.25
7.79	0.66	10.26
7.80	0.66	10.31
7.81	0.66	10.32
7.82	0.66	10.32
7.83	0.66	10.33
7.84	0.66	10.33
7.85	0.66	10.33
7.86	0.66	10.33
7.87	0.66	10.35
7.88	0.66	10.37
7.89	0.67	10.38
7.90	0.67	10.40
7.91	0.67	10.41
7.92	0.67	10.44
7.93	0.67	10.46
7.94	0.67	10.45
7.95	0.67	10.46
7.96	0.67	10.47
7.97	0.67	10.47
7.98	0.67	10.49
7.99	0.67	10.50
8.00	0.67	10.50
8.01	0.68	10.52
8.02	0.68	10.54
8.03	0.68	10.53
8.04	0.68	10.51
8.05	0.68	10.54
8.06	0.68	10.57
8.07	0.68	10.57
8.08	0.68	10.56
8.09	0.68	10.57
8.10	0.68	10.58
8.11	0.68	10.60
8.12	0.68	10.65
8.13	0.69	10.68
8.14	0.69	10.71
8.15	0.69	10.74
8.16	0.69	10.74
8.17	0.69	10.79
8.18	0.69	10.81
8.19	0.69	10.81
8.20	0.69	10.84
8.21	0.69	10.84
8.22	0.69	10.81
8.23	0.69	10.83
8.24	0.69	10.85
8.25	0.70	10.83
8.26	0.70	10.83
8.27	0.70	10.84
8.28	0.70	10.84
8.29	0.70	10.87
8.30	0.70	10.85
8.31	0.70	10.85
8.32	0.70	10.87
8.33	0.70	10.87
8.34	0.70	10.88
8.35	0.70	10.87
8.36	0.70	10.88
8.37	0.71	10.90
8.38	0.71	10.90
8.39	0.71	10.88
8.40	0.71	10.90
8.41	0.71	10.90
8.42	0.71	10.88
8.43	0.71	10.92
8.44	0.71	10.95
8.45	0.71	10.94
8.46	0.71	10.92
8.47	0.71	10.90
8.48	0.71	10.92
8.49	0.72	10.93
8.50	0.72	10.94
8.51	0.72	10.94
8.52	0.72	10.93
8.53	0.72	10.99
8.54	0.72	11.02
8.55	0.72	11.04
8.56	0.72	11.05
8.57	0.72	11.06
8.58	0.72	11.06
8.59	0.72	11.08
8.60	0.72	11.10
8.61	0.73	11.11
8.62	0.73	11.08
8.63	0.73	11.06
8.64	0.73	11.06
8.65	0.73	11.06
8.66	0.73	11.05
8.67	0.73	11.06
8.68	0.73	11.08
8.69	0.73	11.07
8.70	0.73	11.08
8.71	0.73	11.11
8.72	0.73	11.14
8.73	0.74	11.16
8.74	0.74	11.21
8.75	0.74	11.25
8.76	0.74	11.25
8.77	0.74	11.24
8.78	0.74	11.26
8.79	0.74	11.30
8.80	0.74	11.33
8.81	0.74	11.37
8.82	0.74	11.40
8.83	0.74	11.40
8.84	0.74	11.43
8.85	0.75	11.47
8.86	0.75	11.48
8.87	0.75	11.48
8.88	0.75	11.51
8.89	0.75	11.53
8.90	0.75	11.55
8.91	0.75	11.56
8.92	0.75	11.57
8.93	0.75	11.60
8.94	0.75	11.62
8.95	0.75	11.65
8.96	0.75	11.73
8.97	0.76	11.81
8.98	0.76	11.91
8.99	0.76	12.02
9.00	0.76	12.10
9.01	0.76	12.16
9.02	0.76	12.22
9.03	0.76	12.24
9.04	0.76	12.29
9.05	0.76	12.35
9.06	0.76	12.41
9.07	0.76	12.47
9.08	0.76	12.53
9.09	0.77	12.60
9.10	0.77	12.64
9.11	0.77	12.70
9.12	0.77	12.76
9.13	0.77	12.82
9.14	0.77	12.88
9.15	0.77	12.95
9.16	0.77	13.01
9.17	0.77	13.09
9.18	0.77	13.17
9.19	0.77	13.24
9.20	0.77	13.34
9.21	0.78	13.44
9.22	0.78	13.52
9.23	0.78	13.61
9.24	0.78	13.70
9.25	0.78	13.76
9.26	0.78	13.83
9.27	0.78	13.91
9.28	0.78	14.00
9.29	0.78	14.10
9.30	0.78	14.23
9.31	0.78	14.35
9.32	0.78	14.47
9.33	0.79	14.60
9.34	0.79	14.74
9.35	0.79	14.86
9.36	0.79	14.99
9.37	0.79	15.10
9.38	0.79	15.22
9.39	0.79	15.36
9.40	0.79	15.48
9.41	0.79	15.57
9.42	0.79	15.70
9.43	0.79	15.85
9.44	0.79	16.00
9.45	0.80	16.14
9.46	0.80	16.28
9.47	0.80	16.40
9.48	0.80	16.53
9.49	0.80	16.69
9.50	0.80	16.80
9.51	0.80	16.90
9.52	0.80	17.03
9.53	0.80	17.16
9.54	0.80	17.28
9.55	0.80	17.41
9.56	0.80	17.53
9.57	0.81	17.64
9.58	0.81	17.77
9.59	0.81	17.92
9.60	0.81	18.03
9.61	0.81	18.15
9.62	0.81	18.32
9.63	0.81	18.47
9.64	0.81	18.56
9.65	0.81	18.68
9.66	0.81	18.85
9.67	0.81	18.97
9.68	0.81	19.12
9.69	0.82	19.28
9.70	0.82	19.43
9.71	0.82	19.54
9.72	0.82	19.67
9.73	0.82	19.83
9.74	0.82	19.97
9.75	0.82	20.12
9.76	0.82	20.27
9.77	0.82	20.41
9.78	0.82	20.53
9.79	0.82	20.69
9.80	0.82	20.86
9.81	0.83	21.02
9.82	0.83	21.18
9.83	0.83	21.33
9.84	0.83	21.48
9.85	0.83	21.63
9.86	0.83	21.80
9.87	0.83	21.97
9.88	0.83	22.11
9.89	0.83	22.26
9.90	0.83	22.41
9.91	0.83	22.57
9.92	0.83	22.74
9.93	0.84	22.90
9.94	0.84	23.05
9.95	0.84	23.21
9.96	0.84	23.37
9.97	0.84	23.54
9.98	0.84	23.70
9.99	0.84	23.84
10.00	0.84	24.01
10.01	0.84	24.16
10.02	0.84	24.32
10.03	0.84	24.49
10.04	0.84	24.63
10.05	0.85	24.78
10.06	0.85	24.93
10.07	0.85	25.09
10.08	0.85	25.29
10.09	0.85	25.44
10.10	0.85	25.61
10.11	0.85	25.77
10.12	0.85	25.93
10.13	0.85	26.09
10.14	0.85	26.24
10.15	0.85	26.40
10.16	0.85	26.55
10.17	0.86	26.69
10.18	0.86	26.86
10.19	0.86	27.02
10.20	0.86	27.16
10.21	0.86	27.34
10.22	0.86	27.49
10.23	0.86	27.64
10.24	0.86	27.82
10.25	0.86	27.97
10.26	0.86	28.13
10.27	0.86	28.28
10.28	0.86	28.45
10.29	0.87	28.61
10.30	0.87	28.75
10.31	0.87	28.92
10.32	0.87	29.08
10.33	0.87	29.23
10.34	0.87	29.37
10.35	0.87	29.53
10.36	0.87	29.71
10.37	0.87	29.86
10.38	0.87	30.03
10.39	0.87	30.19
10.40	0.87	30.37
10.41	0.88	30.54
10.42	0.88	30.68
10.43	0.88	30.84
10.44	0.88	30.98
10.45	0.88	31.12
10.46	0.88	31.29
10.47	0.88	31.47
10.48	0.88	31.63
10.49	0.88	31.77
10.50	0.88	31.94
10.51	0.88	32.09
10.52	0.88	32.22
10.53	0.89	32.39
10.54	0.89	32.57
10.55	0.89	32.74
10.56	0.89	32.90
10.57	0.89	33.08
10.58	0.89	33.25
10.59	0.89	33.39
10.60	0.89	33.52
10.61	0.89	33.68
10.62	0.89	33.84
10.63	0.89	33.99
10.64	0.89	34.14
10.65	0.90	34.30
10.66	0.90	34.46
10.67	0.90	34.61
10.68	0.90	34.75
10.69	0.90	34.93
10.70	0.90	35.09
10.71	0.90	35.25
10.72	0.90	35.41
10.73	0.90	35.55
10.74	0.90	35.71
10.75	0.90	35.86
10.76	0.90	36.03
10.77	0.91	36.19
10.78	0.91	36.32
10.79	0.91	36.47
10.80	0.91	36.64
10.81	0.91	36.82
10.82	0.91	36.96
10.83	0.91	37.08
10.84	0.91	37.23
10.85	0.91	37.41
10.86	0.91	37.56
10.87	0.91	37.70
10.88	0.91	37.86
10.89	0.92	38.01
10.90	0.92	38.18
10.91	0.92	38.34
10.92	0.92	38.46
10.93	0.92	38.63
10.94	0.92	38.80
10.95	0.92	38.92
10.96	0.92	39.06
10.97	0.92	39.24
10.98	0.92	39.40
10.99	0.92	39.55
11.00	0.92	39.72
11.01	0.93	39.89
11.02	0.93	40.05
11.03	0.93	40.21
11.04	0.93	40.35
11.05	0.93	40.52
11.06	0.93	40.66
11.07	0.93	40.80
11.08	0.93	40.97
11.09	0.93	41.10
11.10	0.93	41.23
11.11	0.93	41.40
11.12	0.93	41.56
11.13	0.94	41.71
11.14	0.94	41.88
11.15	0.94	42.04
11.16	0.94	42.19
11.17	0.94	42.33
11.18	0.94	42.48
11.19	0.94	42.64
11.20	0.94	42.80
11.21	0.94	42.96
11.22	0.94	43.10
11.23	0.94	43.25
11.24	0.94	43.42
11.25	0.95	43.55
11.26	0.95	43.69
11.27	0.95	43.81
11.28	0.95	43.95
11.29	0.95	44.12
11.30	0.95	44.29
11.31	0.95	44.44
11.32	0.95	44.58
11.33	0.95	44.72
11.34	0.95	44.85
11.35	0.95	45.02
11.36	0.95	45.17
11.37	0.96	45.30
11.38	0.96	45.46
11.39	0.96	45.60
11.40	0.96	45.75
11.41	0.96	45.90
11.42	0.96	46.03
11.43	0.96	46.16
11.44	0.96	46.30
11.45	0.96	46.46
11.46	0.96	46.62
11.47	0.96	46.77
11.48	0.96	46.90
11.49	0.97	47.05
11.50	0.97	47.21
11.51	0.97	47.34
11.52	0.97	47.49
11.53	0.97	47.64
11.54	0.97	47.76
11.55	0.97	47.88
11.56	0.97	48.05
11.57	0.97	48.21
11.58	0.97	48.33
11.59	0.97	48.47
11.60	0.97	48.64
11.61	0.98	48.79
11.62	0.98	48.90
11.63	0.98	49.05
11.64	0.98	49.20
11.65	0.98	49.35
11.66	0.98	49.49
11.67	0.98	49.64
11.68	0.98	49.79
11.69	0.98	49.92
11.70	0.98	50.07
11.71	0.98	50.22
11.72	0.98	50.36
11.73	0.99	50.48
11.74	0.99	50.62
11.75	0.99	50.76
11.76	0.99	50.90
11.77	0.99	51.06
11.78	0.99	51.21
11.79	0.99	51.34
11.80	0.99	51.47
11.81	0.99	51.64
11.82	0.99	51.81
11.83	0.99	51.92
11.84	0.99	52.04
11.85	1.00	52.18
11.86	1.00	52.33
11.87	1.00	52.47
11.88	1.00	52.61
11.89	1.00	52.76
11.90	1.00	52.89
11.91	1.00	53.02
11.92	1.00	53.14
11.93	1.00	53.28
11.94	1.00	53.44
11.95	1.00	53.59
11.96	1.00	53.73
11.97	1.01	53.85
11.98	1.01	54.00
11.99	1.01	54.14
12.00	1.01	54.26
12.01	1.01	54.39
12.02	1.01	54.55
12.03	1.01	54.69
12.04	1.01	54.80
12.05	1.01	54.92
12.06	1.01	55.05
12.07	1.01	55.18
12.08	1.01	55.34
12.09	1.02	55.48
12.10	1.02	55.61
12.11	1.02	55.76
12.12	1.02	55.88
12.13	1.02	56.03
12.14	1.02	56.14
12.15	1.02	56.25
12.16	1.02	56.42
12.17	1.02	56.56
12.18	1.02	56.67
12.19	1.02	56.81
12.20	1.02	56.97
12.21	1.03	57.10
12.22	1.03	57.20
12.23	1.03	57.34
12.24	1.03	57.49
12.25	1.03	57.63
12.26	1.03	57.76
12.27	1.03	57.88
12.28	1.03	58.03
12.29	1.03	58.16
12.30	1.03	58.29
12.31	1.03	58.40
12.32	1.03	58.52
12.33	1.04	58.68
12.34	1.04	58.82
12.35	1.04	58.94
12.36	1.04	59.07
12.37	1.04	59.20
12.38	1.04	59.31
12.39	1.04	59.44
12.40	1.04	59.58
12.41	1.04	59.73
12.42	1.04	59.89
12.43	1.04	60.01
12.44	1.04	60.12
12.45	1.05	60.25
12.46	1.05	60.38
12.47	1.05	60.52
12.48	1.05	60.61
12.49	1.05	60.71
12.50	1.05	60.85
12.51	1.05	60.98
12.52	1.05	61.09
12.53	1.05	61.22
12.54	1.05	61.34
12.55	1.05	61.47
12.56	1.05	61.60
12.57	1.06	61.73
12.58	1.06	61.87
12.59	1.06	61.98
12.60	1.06	62.11
12.61	1.06	62.26
12.62	1.06	62.38
12.63	1.06	62.47
12.64	1.06	62.59
12.65	1.06	62.73
12.66	1.06	62.85
12.67	1.06	62.96
12.68	1.06	63.11
12.69	1.07	63.23
12.70	1.07	63.34
12.71	1.07	63.49
12.72	1.07	63.61
12.73	1.07	63.74
12.74	1.07	63.86
12.75	1.07	63.98
12.76	1.07	64.10
12.77	1.07	64.22
12.78	1.07	64.34
12.79	1.07	64.47
12.80	1.07	64.59
12.81	1.08	64.71
12.82	1.08	64.83
12.83	1.08	64.94
12.84	1.08	65.06
12.85	1.08	65.18
12.86	1.08	65.29
12.87	1.08	65.43
12.88	1.08	65.57
12.89	1.08	65.69
12.90	1.08	65.82
12.91	1.08	65.92
12.92	1.08	66.00
12.93	1.09	66.11
12.94	1.09	66.23
12.95	1.09	66.34
12.96	1.09	66.47
12.97	1.09	66.59
12.98	1.09	66.71
12.99	1.09	66.82
13.00	1.09	66.96
13.01	1.09	67.10
13.02	1.09	67.22
13.03	1.09	67.32
13.04	1.09	67.43
13.05	1.10	67.56
13.06	1.10	67.69
13.07	1.10	67.79
13.08	1.10	67.88
13.09	1.10	67.99
13.10	1.10	68.13
13.11	1.10	68.23
13.12	1.10	68.34
13.13	1.10	68.46
13.14	1.10	68.55
13.15	1.10	68.66
13.16	1.10	68.78
13.17	1.11	68.88
13.18	1.11	68.98
13.19	1.11	69.11
13.20	1.11	69.24
13.21	1.11	69.35
13.22	1.11	69.45
13.23	1.11	69.58
13.24	1.11	69.70
13.25	1.11	69.79
13.26	1.11	69.89
13.27	1.11	70.01
13.28	1.11	70.13
13.29	1.12	70.20
13.30	1.12	70.30
13.31	1.12	70.44
13.32	1.12	70.55
13.33	1.12	70.67
13.34	1.12	70.79
13.35	1.12	70.91
13.36	1.12	71.02
13.37	1.12	71.13
13.38	1.12	71.25
13.39	1.12	71.35
13.40	1.12	71.42
13.41	1.13	71.51
13.42	1.13	71.63
13.43	1.13	71.76
13.44	1.13	71.87
13.45	1.13	71.98
13.46	1.13	72.08
13.47	1.13	72.18
13.48	1.13	72.30
13.49	1.13	72.40
13.50	1.13	72.52
13.51	1.13	72.62
13.52	1.13	72.72
13.53	1.14	72.84
13.54	1.14	72.92
13.55	1.14	73.03
13.56	1.14	73.14
13.57	1.14	73.22
13.58	1.14	73.33
13.59	1.14	73.44
13.60	1.14	73.52
13.61	1.14	73.62
13.62	1.14	73.73
13.63	1.14	73.84
13.64	1.14	73.95
13.65	1.15	74.04
13.66	1.15	74.15
13.67	1.15	74.25
13.68	1.15	74.37
13.69	1.15	74.48
13.70	1.15	74.56
13.71	1.15	74.66
13.72	1.15	74.76
13.73	1.15	74.85
13.74	1.15	74.94
13.75	1.15	75.03
13.76	1.15	75.14
13.77	1.16	75.23
13.78	1.16	75.32
13.79	1.16	75.42
13.80	1.16	75.50
13.81	1.16	75.62
13.82	1.16	75.73
13.83	1.16	75.81
13.84	1.16	75.91
13.85	1.16	76.01
13.86	1.16	76.12
13.87	1.16	76.22
13.88	1.16	76.29
13.89	1.17	76.37
13.90	1.17	76.48
13.91	1.17	76.56
13.92	1.17	76.64
13.93	1.17	76.77
13.94	1.17	76.87
13.95	1.17	76.96
13.96	1.17	77.07
13.97	1.17	77.18
13.98	1.17	77.29
13.99	1.17	77.36
14.00	1.17	77.43
14.01	1.18	77.54
14.02	1.18	77.64
14.03	1.18	77.72
14.04	1.18	77.82
14.05	1.18	77.91
14.06	1.18	77.99
14.07	1.18	78.09
14.08	1.18	78.20
14.09	1.18	78.29
14.10	1.18	78.39
14.11	1.18	78.47
14.12	1.18	78.55
14.13	1.19	78.65
14.14	1.19	78.74
14.15	1.19	78.83
14.16	1.19	78.91
14.17	1.19	79.02
14.18	1.19	79.11
14.19	1.19	79.18
14.20	1.19	79.28
14.21	1.19	79.35
14.22	1.19	79.44
14.23	1.19	79.55
14.24	1.19	79.65
14.25	1.20	79.71
14.26	1.20	79.77
14.27	1.20	79.87
14.28	1.20	79.99
14.29	1.20	80.05
14.30	1.20	80.13
14.31	1.20	80.21
14.32	1.20	80.27
14.33	1.20	80.33
14.34	1.20	80.43
14.35	1.20	80.53
14.36	1.20	80.62
14.37	1.21	80.69
14.38	1.21	80.78
14.39	1.21	80.87
14.40	1.21	80.94
14.41	1.21	81.02
14.42	1.21	81.10
14.43	1.21	81.20
14.44	1.21	81.29
14.45	1.21	81.37
14.46	1.21	81.44
14.47	1.21	81.52
14.48	1.21	81.61
14.49	1.22	81.70
14.50	1.22	81.78
14.51	1.22	81.86
14.52	1.22	81.92
14.53	1.22	82.01
14.54	1.22	82.09
14.55	1.22	82.18
14.56	1.22	82.26
14.57	1.22	82.34
14.58	1.22	82.40
14.59	1.22	82.49
14.60	1.22	82.60
14.61	1.23	82.67
14.62	1.23	82.73
14.63	1.23	82.80
14.64	1.23	82.87
14.65	1.23	82.94
14.66	1.23	82.99
14.67	1.23	83.08
14.68	1.23	83.15
14.69	1.23	83.23
14.70	1.23	83.31
14.71	1.23	83.39
14.72	1.23	83.48
14.73	1.24	83.57
14.74	1.24	83.63
14.75	1.24	83.69
14.76	1.24	83.75
14.77	1.24	83.81
14.78	1.24	83.90
14.79	1.24	83.97
14.80	1.24	84.06
14.81	1.24	84.13
14.82	1.24	84.19
14.83	1.24	84.27
14.84	1.24	84.34
14.85	1.25	84.41
14.86	1.25	84.47
14.87	1.25	84.53
14.88	1.25	84.61
14.89	1.25	84.69
14.90	1.25	84.77
14.91	1.25	84.83
14.92	1.25	84.88
14.93	1.25	84.95
14.94	1.25	85.04
14.95	1.25	85.10
14.96	1.25	85.17
14.97	1.26	85.22
14.98	1.26	85.29
14.99	1.26	85.37
15.00	1.26	85.42
15.01	1.26	85.50
15.02	1.26	85.59
15.03	1.26	85.65
15.04	1.26	85.69
15.05	1.26	85.78
15.06	1.26	85.84
15.07	1.26	85.89
15.08	1.26	85.97
15.09	1.27	86.06
15.10	1.27	86.12
15.11	1.27	86.16
15.12	1.27	86.21
15.13	1.27	86.26
15.14	1.27	86.32
15.15	1.27	86.39
15.16	1.27	86.48
15.17	1.27	86.56
15.18	1.27	86.63
15.19	1.27	86.70
15.20	1.27	86.77
15.21	1.28	86.85
15.22	1.28	86.89
15.23	1.28	86.95
15.24	1.28	87.02
15.25	1.28	87.07
15.26	1.28	87.11
15.27	1.28	87.18
15.28	1.28	87.24
15.29	1.28	87.31
15.30	1.28	87.38
15.31	1.28	87.42
15.32	1.28	87.51
15.33	1.29	87.57
15.34	1.29	87.61
15.35	1.29	87.70
15.36	1.29	87.74
15.37	1.29	87.80
15.38	1.29	87.87
15.39	1.29	87.94
15.40	1.29	88.01
15.41	1.29	88.03
15.42	1.29	88.08
15.43	1.29	88.13
15.44	1.29	88.20
15.45	1.30	88.25
15.46	1.30	88.30
15.47	1.30	88.39
15.48	1.30	88.42
15.49	1.30	88.46
15.50	1.30	88.51
15.51	1.30	88.60
15.52	1.30	88.64
15.53	1.30	88.68
15.54	1.30	88.75
15.55	1.30	88.79
15.56	1.30	88.84
15.57	1.31	88.92
15.58	1.31	88.97
15.59	1.31	89.01
15.60	1.31	89.07
15.61	1.31	89.10
15.62	1.31	89.12
15.63	1.31	89.19
15.64	1.31	89.28
15.65	1.31	89.31
15.66	1.31	89.37
15.67	1.31	89.46
15.68	1.31	89.53
15.69	1.32	89.58
15.70	1.32	89.61
15.71	1.32	89.66
15.72	1.32	89.71
15.73	1.32	89.76
15.74	1.32	89.79
15.75	1.32	89.86
15.76	1.32	89.90
15.77	1.32	89.94
15.78	1.32	89.97
15.79	1.32	90.05
15.80	1.32	90.13
15.81	1.33	90.15
15.82	1.33	90.21
15.83	1.33	90.25
15.84	1.33	90.31
15.85	1.33	90.36
15.86	1.33	90.40
15.87	1.33	90.43
15.88	1.33	90.48
15.89	1.33	90.54
15.90	1.33	90.57
15.91	1.33	90.60
15.92	1.33	90.68
15.93	1.34	90.74
15.94	1.34	90.76
15.95	1.34	90.80
15.96	1.34	90.85
15.97	1.34	90.89
15.98	1.34	90.94
15.99	1.34	90.99
16.00	1.34	91.03
16.01	1.34	91.08
16.02	1.34	91.10
16.03	1.34	91.14
16.04	1.34	91.20
16.05	1.35	91.25
16.06	1.35	91.28
16.07	1.35	91.31
16.08	1.35	91.36
16.09	1.35	91.39
16.10	1.35	91.44
16.11	1.35	91.51
16.12	1.35	91.53
16.13	1.35	91.57
16.14	1.35	91.63
16.15	1.35	91.67
16.16	1.35	91.72
16.17	1.36	91.75
16.18	1.36	91.80
16.19	1.36	91.82
16.20	1.36	91.87
16.21	1.36	91.93
16.22	1.36	91.98
16.23	1.36	92.01
16.24	1.36	92.02
16.25	1.36	92.11
16.26	1.36	92.17
16.27	1.36	92.20
16.28	1.36	92.22
16.29	1.37	92.25
16.30	1.37	92.30
16.31	1.37	92.35
16.32	1.37	92.39
16.33	1.37	92.43
16.34	1.37	92.48
16.35	1.37	92.50
16.36	1.37	92.52
16.37	1.37	92.57
16.38	1.37	92.61
16.39	1.37	92.66
16.40	1.37	92.69
16.41	1.38	92.73
16.42	1.38	92.78
16.43	1.38	92.82
16.44	1.38	92.86
16.45	1.38	92.91
16.46	1.38	92.94
16.47	1.38	92.98
16.48	1.38	93.01
16.49	1.38	93.04
16.50	1.38	93.07
16.51	1.38	93.09
16.52	1.38	93.14
16.53	1.39	93.16
16.54	1.39	93.19
16.55	1.39	93.23
16.56	1.39	93.27
16.57	1.39	93.31
16.58	1.39	93.34
16.59	1.39	93.38
16.60	1.39	93.41
16.61	1.39	93.46
16.62	1.39	93.50
16.63	1.39	93.54
16.64	1.39	93.58
16.65	1.40	93.58
16.66	1.40	93.61
16.67	1.40	93.64
16.68	1.40	93.66
16.69	1.40	93.70
16.70	1.40	93.73
16.71	1.40	93.77
16.72	1.40	93.81
16.73	1.40	93.82
16.74	1.40	93.86
16.75	1.40	93.91
16.76	1.40	93.96
16.77	1.41	94.00
16.78	1.41	93.99
16.79	1.41	94.00
16.80	1.41	94.04
16.81	1.41	94.09
16.82	1.41	94.11
16.83	1.41	94.12
16.84	1.41	94.16
16.85	1.41	94.19
16.86	1.41	94.24
16.87	1.41	94.28
16.88	1.41	94.31
16.89	1.42	94.34
16.90	1.42	94.35
16.91	1.42	94.38
16.92	1.42	94.43
16.93	1.42	94.49
16.94	1.42	94.50
16.95	1.42	94.51
16.96	1.42	94.55
16.97	1.42	94.58
16.98	1.42	94.60
16.99	1.42	94.64
17.00	1.42	94.66
17.01	1.43	94.68
17.02	1.43	94.73
17.03	1.43	94.77
17.04	1.43	94.81
17.05	1.43	94.84
17.06	1.43	94.85
17.07	1.43	94.88
17.08	1.43	94.92
17.09	1.43	94.95
17.10	1.43	94.96
17.11	1.43	94.99
17.12	1.43	95.02
17.13	1.44	95.01
17.14	1.44	95.04
17.15	1.44	95.07
17.16	1.44	95.11
17.17	1.44	95.12
17.18	1.44	95.14
17.19	1.44	95.17
17.20	1.44	95.18
17.21	1.44	95.21
17.22	1.44	95.24
17.23	1.44	95.26
17.24	1.44	95.29
17.25	1.45	95.32
17.26	1.45	95.35
17.27	1.45	95.36
17.28	1.45	95.38
17.29	1.45	95.41
17.30	1.45	95.41
17.31	1.45	95.45
17.32	1.45	95.50
17.33	1.45	95.53
17.34	1.45	95.55
17.35	1.45	95.58
17.36	1.45	95.59
17.37	1.46	95.61
17.38	1.46	95.65
17.39	1.46	95.65
17.40	1.46	95.67
17.41	1.46	95.71
17.42	1.46	95.72
17.43	1.46	95.73
17.44	1.46	95.76
17.45	1.46	95.78
17.46	1.46	95.79
17.47	1.46	95.84
17.48	1.46	95.86
17.49	1.47	95.90
17.50	1.47	95.93
17.51	1.47	95.94
17.52	1.47	95.98
17.53	1.47	96.02
17.54	1.47	96.02
17.55	1.47	96.03
17.56	1.47	96.07
17.57	1.47	96.10
17.58	1.47	96.09
17.59	1.47	96.11
17.60	1.47	96.15
17.61	1.48	96.15
17.62	1.48	96.17
17.63	1.48	96.19
17.64	1.48	96.18
17.65	1.48	96.22
17.66	1.48	96.25
17.67	1.48	96.28
17.68	1.48	96.30
17.69	1.48	96.31
17.70	1.48	96.34
17.71	1.48	96.36
17.72	1.48	96.36
17.73	1.49	96.39
17.74	1.49	96.41
17.75	1.49	96.39
17.76	1.49	96.41
17.77	1.49	96.44
17.78	1.49	96.45
17.79	1.49	96.47
17.80	1.49	96.50
17.81	1.49	96.52
17.82	1.49	96.55
17.83	1.49	96.57
17.84	1.49	96.57
17.85	1.50	96.59
17.86	1.50	96.61
17.87	1.50	96.64
17.88	1.50	96.65
17.89	1.50	96.64
17.90	1.50	96.64
17.91	1.50	96.67
17.92	1.50	96.70
17.93	1.50	96.71
17.94	1.50	96.75
17.95	1.50	96.77
17.96	1.50	96.77
17.97	1.51	96.80
17.98	1.51	96.80
17.99	1.51	96.82
18.00	1.51	96.86
18.01	1.51	96.85
18.02	1.51	96.87
18.03	1.51	96.89
18.04	1.51	96.90
18.05	1.51	96.94
18.06	1.51	96.96
18.07	1.51	96.97
18.08	1.51	96.96
18.09	1.52	96.98
18.10	1.52	97.02
18.11	1.52	97.03
18.12	1.52	97.04
18.13	1.52	97.08
18.14	1.52	97.10
18.15	1.52	97.11
18.16	1.52	97.11
18.17	1.52	97.12
18.18	1.52	97.14
18.19	1.52	97.15
18.20	1.52	97.16
18.21	1.53	97.18
18.22	1.53	97.22
18.23	1.53	97.23
18.24	1.53	97.21
18.25	1.53	97.24
18.26	1.53	97.25
18.27	1.53	97.26
18.28	1.53	97.29
18.29	1.53	97.30
18.30	1.53	97.33
18.31	1.53	97.32
18.32	1.53	97.33
18.33	1.54	97.36
18.34	1.54	97.36
18.35	1.54	97.37
18.36	1.54	97.38
18.37	1.54	97.38
18.38	1.54	97.38
18.39	1.54	97.41
18.40	1.54	97.42
18.41	1.54	97.44
18.42	1.54	97.47
18.43	1.54	97.47
18.44	1.54	97.50
18.45	1.55	97.51
18.46	1.55	97.52
18.47	1.55	97.55
18.48	1.55	97.55
18.49	1.55	97.56
18.50	1.55	97.56
18.51	1.55	97.58
18.52	1.55	97.61
18.53	1.55	97.61
18.54	1.55	97.60
18.55	1.55	97.58
18.56	1.55	97.62
18.57	1.56	97.67
18.58	1.56	97.69
18.59	1.56	97.70
18.60	1.56	97.70
18.61	1.56	97.71
18.62	1.56	97.73
18.63	1.56	97.76
18.64	1.56	97.76
18.65	1.56	97.76
18.66	1.56	97.78
18.67	1.56	97.78
18.68	1.56	97.80
18.69	1.57	97.83
18.70	1.57	97.83
18.71	1.57	97.85
18.72	1.57	97.87
18.73	1.57	97.85
18.74	1.57	97.88
18.75	1.57	97.88
18.76	1.57	97.88
18.77	1.57	97.90
18.78	1.57	97.92
18.79	1.57	97.92
18.80	1.57	97.91
18.81	1.58	97.93
18.82	1.58	97.94
18.83	1.58	97.99
18.84	1.58	97.99
18.85	1.58	97.97
18.86	1.58	97.97
18.87	1.58	97.98
18.88	1.58	98.00
18.89	1.58	98.02
18.90	1.58	98.05
18.91	1.58	98.06
18.92	1.58	98.05
18.93	1.59	98.05
18.94	1.59	98.05
18.95	1.59	98.05
18.96	1.59	98.06
18.97	1.59	98.08
18.98	1.59	98.10
18.99	1.59	98.09
19.00	1.59	98.09
19.01	1.59	98.11
19.02	1.59	98.12
19.03	1.59	98.10
19.04	1.59	98.12
19.05	1.60	98.16
19.06	1.60	98.14
19.07	1.60	98.16
19.08	1.60	98.21
19.09	1.60	98.21
19.10	1.60	98.20
19.11	1.60	98.19
19.12	1.60	98.20
19.13	1.60	98.20
19.14	1.60	98.19
19.15	1.60	98.22
19.16	1.60	98.23
19.17	1.61	98.22
19.18	1.61	98.20
19.19	1.61	98.19
19.20	1.61	98.19
19.21	1.61	98.19
19.22	1.61	98.17
19.23	1.61	98.13
19.24	1.61	98.09
19.25	1.61	98.03
19.26	1.61	97.93
19.27	1.61	97.77
19.28	1.61	97.52
19.29	1.62	53.45
19.30	1.62	4.09
