0.01	0.01	0.34
0.02	0.01	0.34
0.03	0.01	0.34
0.04	0.01	0.35
0.05	0.01	0.37
0.06	0.01	0.38
0.07	0.01	0.38
0.08	0.01	0.39
0.09	0.02	0.41
0.10	0.02	0.42
0.11	0.02	0.44
0.12	0.02	0.43
0.13	0.02	0.42
0.14	0.02	0.44
0.15	0.02	0.45
0.16	0.02	0.46
0.17	0.02	0.48
0.18	0.02	0.48
0.19	0.02	0.49
0.20	0.02	0.51
0.21	0.03	0.53
0.22	0.03	0.55
0.23	0.03	0.55
0.24	0.03	0.58
0.25	0.03	0.59
0.26	0.03	0.60
0.27	0.03	0.62
0.28	0.03	0.61
0.29	0.03	0.65
0.30	0.03	0.70
0.31	0.03	0.74
0.32	0.03	0.75
0.33	0.04	0.74
0.34	0.04	0.77
0.35	0.04	0.79
0.36	0.04	0.82
0.37	0.04	0.86
0.38	0.04	0.92
0.39	0.04	0.92
0.40	0.04	0.91
0.41	0.04	0.96
0.42	0.04	1.00
0.43	0.04	1.00
0.44	0.04	1.05
0.45	0.05	1.09
0.46	0.05	1.11
0.47	0.05	1.14
0.48	0.05	1.16
0.49	0.05	1.19
0.50	0.05	1.23
0.51	0.05	1.29
0.52	0.05	1.32
0.53	0.05	1.33
0.54	0.05	1.40
0.55	0.05	1.45
0.56	0.05	1.50
0.57	0.06	1.54
0.58	0.06	1.60
0.59	0.06	1.66
0.60	0.06	1.71
0.61	0.06	1.76
0.62	0.06	1.84
0.63	0.06	1.91
0.64	0.06	1.98
0.65	0.06	2.06
0.66	0.06	2.13
0.67	0.06	2.21
0.68	0.06	2.30
0.69	0.07	2.39
0.70	0.07	2.46
0.71	0.07	2.52
0.72	0.07	2.58
0.73	0.07	2.63
0.74	0.07	2.67
0.75	0.07	2.72
0.76	0.07	2.78
0.77	0.07	2.81
0.78	0.07	2.86
0.79	0.07	2.92
0.80	0.07	2.94
0.81	0.08	3.00
0.82	0.08	3.07
0.83	0.08	3.13
0.84	0.08	3.20
0.85	0.08	3.26
0.86	0.08	3.35
0.87	0.08	3.48
0.88	0.08	3.61
0.89	0.08	3.68
0.90	0.08	3.72
0.91	0.08	3.77
0.92	0.08	3.77
0.93	0.09	3.78
0.94	0.09	3.87
0.95	0.09	3.96
0.96	0.09	4.04
0.97	0.09	4.09
0.98	0.09	4.14
0.99	0.09	4.18
1.00	0.09	4.23
1.01	0.09	4.31
1.02	0.09	4.36
1.03	0.09	4.44
1.04	0.09	4.53
1.05	0.10	4.60
1.06	0.10	4.67
1.07	0.10	4.72
1.08	0.10	4.79
1.09	0.10	4.85
1.10	0.10	4.90
1.11	0.10	4.95
1.12	0.10	4.98
1.13	0.10	5.04
1.14	0.10	5.13
1.15	0.10	5.24
1.16	0.10	5.35
1.17	0.11	5.46
1.18	0.11	5.62
1.19	0.11	5.78
1.20	0.11	5.92
1.21	0.11	6.11
1.22	0.11	6.31
1.23	0.11	6.42
1.24	0.11	6.51
1.25	0.11	6.60
1.26	0.11	6.65
1.27	0.11	6.72
1.28	0.11	6.83
1.29	0.12	6.97
1.30	0.12	7.14
1.31	0.12	7.31
1.32	0.12	7.48
1.33	0.12	7.62
1.34	0.12	7.76
1.35	0.12	7.86
1.36	0.12	7.94
1.37	0.12	8.01
1.38	0.12	8.06
1.39	0.12	8.10
1.40	0.12	8.20
1.41	0.13	8.32
1.42	0.13	8.45
1.43	0.13	8.61
1.44	0.13	8.77
1.45	0.13	8.93
1.46	0.13	9.05
1.47	0.13	9.14
1.48	0.13	9.20
1.49	0.13	9.21
1.50	0.13	9.22
1.51	0.13	9.23
1.52	0.13	9.22
1.53	0.14	9.27
1.54	0.14	9.39
1.55	0.14	9.53
1.56	0.14	9.67
1.57	0.14	9.86
1.58	0.14	10.12
1.59	0.14	10.38
1.60	0.14	10.51
1.61	0.14	10.25
1.62	0.14	9.68
1.63	0.14	9.29
1.64	0.14	9.29
1.65	0.15	9.52
1.66	0.15	9.81
1.67	0.15	10.07
1.68	0.15	10.31
1.69	0.15	10.55
1.70	0.15	10.76
1.71	0.15	10.98
1.72	0.15	11.21
1.73	0.15	11.31
1.74	0.15	11.27
1.75	0.15	11.17
1.76	0.15	11.14
1.77	0.16	11.15
1.78	0.16	11.23
1.79	0.16	11.32
1.80	0.16	11.33
1.81	0.16	11.34
1.82	0.16	11.35
1.83	0.16	11.41
1.84	0.16	11.48
1.85	0.16	11.50
1.86	0.16	11.50
1.87	0.16	11.50
1.88	0.16	11.53
1.89	0.17	11.57
1.90	0.17	11.57
1.91	0.17	11.56
1.92	0.17	11.58
1.93	0.17	11.60
1.94	0.17	11.61
1.95	0.17	11.63
1.96	0.17	11.63
1.97	0.17	11.64
1.98	0.17	11.65
1.99	0.17	11.62
2.00	0.17	11.63
2.01	0.18	11.63
2.02	0.18	11.62
2.03	0.18	11.64
2.04	0.18	11.66
2.05	0.18	11.68
2.06	0.18	11.66
2.07	0.18	11.67
2.08	0.18	11.69
2.09	0.18	11.67
2.10	0.18	11.67
2.11	0.18	11.67
2.12	0.18	11.67
2.13	0.19	11.66
2.14	0.19	11.67
2.15	0.19	11.69
2.16	0.19	11.69
2.17	0.19	11.68
2.18	0.19	11.67
2.19	0.19	11.67
2.20	0.19	11.65
2.21	0.19	11.64
2.22	0.19	11.64
2.23	0.19	11.64
2.24	0.19	11.65
2.25	0.20	11.66
2.26	0.20	11.66
2.27	0.20	11.65
2.28	0.20	11.65
2.29	0.20	11.67
2.30	0.20	11.65
2.31	0.20	11.67
2.32	0.20	11.66
2.33	0.20	11.64
2.34	0.20	11.63
2.35	0.20	11.65
2.36	0.20	11.65
2.37	0.21	11.62
2.38	0.21	11.65
2.39	0.21	11.64
2.40	0.21	11.66
2.41	0.21	11.68
2.42	0.21	11.67
2.43	0.21	11.67
2.44	0.21	11.65
2.45	0.21	11.64
2.46	0.21	11.64
2.47	0.21	11.64
2.48	0.21	11.63
2.49	0.22	11.63
2.50	0.22	11.66
2.51	0.22	11.63
2.52	0.22	11.63
2.53	0.22	11.64
2.54	0.22	11.65
2.55	0.22	11.65
2.56	0.22	11.66
2.57	0.22	11.65
2.58	0.22	11.63
2.59	0.22	11.66
2.60	0.22	11.65
2.61	0.23	11.62
2.62	0.23	11.62
2.63	0.23	11.63
2.64	0.23	11.65
2.65	0.23	11.67
2.66	0.23	11.71
2.67	0.23	11.73
2.68	0.23	11.77
2.69	0.23	11.83
2.70	0.23	11.90
2.71	0.23	11.96
2.72	0.23	12.05
2.73	0.24	12.17
2.74	0.24	12.27
2.75	0.24	12.38
2.76	0.24	12.44
2.77	0.24	12.45
2.78	0.24	12.43
2.79	0.24	12.44
2.80	0.24	12.45
2.81	0.24	12.44
2.82	0.24	12.47
2.83	0.24	12.54
2.84	0.24	12.62
2.85	0.25	12.66
2.86	0.25	12.67
2.87	0.25	12.67
2.88	0.25	12.64
2.89	0.25	12.67
2.90	0.25	12.68
2.91	0.25	12.66
2.92	0.25	12.67
2.93	0.25	12.68
2.94	0.25	12.73
2.95	0.25	12.77
2.96	0.25	12.80
2.97	0.26	12.82
2.98	0.26	12.84
2.99	0.26	12.85
3.00	0.26	12.86
3.01	0.26	12.87
3.02	0.26	12.87
3.03	0.26	12.88
3.04	0.26	12.87
3.05	0.26	12.88
3.06	0.26	12.90
3.07	0.26	12.87
3.08	0.26	12.85
3.09	0.27	12.87
3.10	0.27	12.85
3.11	0.27	12.84
3.12	0.27	12.84
3.13	0.27	12.88
3.14	0.27	12.90
3.15	0.27	12.86
3.16	0.27	12.86
3.17	0.27	12.88
3.18	0.27	12.88
3.19	0.27	12.86
3.20	0.27	12.86
3.21	0.28	12.88
3.22	0.28	12.88
3.23	0.28	12.87
3.24	0.28	12.83
3.25	0.28	12.86
3.26	0.28	12.88
3.27	0.28	12.85
3.28	0.28	12.87
3.29	0.28	12.90
3.30	0.28	12.90
3.31	0.28	12.89
3.32	0.28	12.92
3.33	0.29	12.90
3.34	0.29	12.88
3.35	0.29	12.90
3.36	0.29	12.89
3.37	0.29	12.89
3.38	0.29	12.86
3.39	0.29	12.88
3.40	0.29	12.90
3.41	0.29	12.87
3.42	0.29	12.87
3.43	0.29	12.87
3.44	0.29	12.90
3.45	0.30	12.91
3.46	0.30	12.90
3.47	0.30	12.90
3.48	0.30	12.88
3.49	0.30	12.90
3.50	0.30	12.89
3.51	0.30	12.87
3.52	0.30	12.87
3.53	0.30	12.87
3.54	0.30	12.87
3.55	0.30	12.86
3.56	0.30	12.91
3.57	0.31	12.91
3.58	0.31	12.89
3.59	0.31	12.91
3.60	0.31	12.90
3.61	0.31	12.90
3.62	0.31	12.89
3.63	0.31	12.89
3.64	0.31	12.88
3.65	0.31	12.88
3.66	0.31	12.88
3.67	0.31	12.88
3.68	0.31	12.90
3.69	0.32	12.92
3.70	0.32	12.92
3.71	0.32	12.93
3.72	0.32	12.94
3.73	0.32	12.94
3.74	0.32	12.92
3.75	0.32	12.91
3.76	0.32	12.89
3.77	0.32	12.90
3.78	0.32	12.90
3.79	0.32	12.90
3.80	0.32	12.90
3.81	0.33	12.92
3.82	0.33	12.93
3.83	0.33	12.92
3.84	0.33	12.93
3.85	0.33	12.92
3.86	0.33	12.93
3.87	0.33	12.94
3.88	0.33	12.90
3.89	0.33	12.92
3.90	0.33	12.92
3.91	0.33	12.91
3.92	0.33	12.92
3.93	0.34	12.91
3.94	0.34	12.91
3.95	0.34	12.90
3.96	0.34	12.90
3.97	0.34	12.92
3.98	0.34	12.93
3.99	0.34	12.93
4.00	0.34	12.92
4.01	0.34	12.92
4.02	0.34	12.93
4.03	0.34	12.90
4.04	0.34	12.90
4.05	0.35	12.93
4.06	0.35	12.90
4.07	0.35	12.90
4.08	0.35	12.93
4.09	0.35	12.94
4.10	0.35	12.95
4.11	0.35	12.92
4.12	0.35	12.92
4.13	0.35	12.94
4.14	0.35	12.94
4.15	0.35	12.90
4.16	0.35	12.87
4.17	0.36	12.91
4.18	0.36	12.94
4.19	0.36	12.93
4.20	0.36	12.92
4.21	0.36	12.93
4.22	0.36	12.93
4.23	0.36	12.93
4.24	0.36	12.92
4.25	0.36	12.90
4.26	0.36	12.92
4.27	0.36	12.91
4.28	0.36	12.89
4.29	0.37	12.91
4.30	0.37	12.91
4.31	0.37	12.93
4.32	0.37	12.94
4.33	0.37	12.96
4.34	0.37	12.93
4.35	0.37	12.93
4.36	0.37	12.95
4.37	0.37	12.95
4.38	0.37	12.94
4.39	0.37	12.91
4.40	0.37	12.89
4.41	0.38	12.90
4.42	0.38	12.89
4.43	0.38	12.90
4.44	0.38	12.90
4.45	0.38	12.92
4.46	0.38	12.91
4.47	0.38	12.89
4.48	0.38	12.90
4.49	0.38	12.91
4.50	0.38	12.91
4.51	0.38	12.88
4.52	0.38	12.87
4.53	0.39	12.88
4.54	0.39	12.89
4.55	0.39	12.89
4.56	0.39	12.89
4.57	0.39	12.89
4.58	0.39	12.90
4.59	0.39	12.91
4.60	0.39	12.94
4.61	0.39	12.91
4.62	0.39	12.88
4.63	0.39	12.89
4.64	0.39	12.90
4.65	0.40	12.90
4.66	0.40	12.91
4.67	0.40	12.89
4.68	0.40	12.88
4.69	0.40	12.90
4.70	0.40	12.91
4.71	0.40	12.90
4.72	0.40	12.92
4.73	0.40	12.92
4.74	0.40	12.89
4.75	0.40	12.91
4.76	0.40	12.93
4.77	0.41	12.92
4.78	0.41	12.91
4.79	0.41	12.90
4.80	0.41	12.91
4.81	0.41	12.89
4.82	0.41	12.90
4.83	0.41	12.93
4.84	0.41	12.95
4.85	0.41	12.94
4.86	0.41	12.93
4.87	0.41	12.92
4.88	0.41	12.93
4.89	0.42	12.96
4.90	0.42	12.94
4.91	0.42	12.92
4.92	0.42	12.93
4.93	0.42	12.93
4.94	0.42	12.93
4.95	0.42	12.94
4.96	0.42	12.95
4.97	0.42	12.97
4.98	0.42	12.97
4.99	0.42	12.94
5.00	0.42	12.94
5.01	0.43	12.94
5.02	0.43	12.97
5.03	0.43	12.95
5.04	0.43	12.92
5.05	0.43	12.93
5.06	0.43	12.92
5.07	0.43	12.91
5.08	0.43	12.93
5.09	0.43	12.95
5.10	0.43	12.93
5.11	0.43	12.91
5.12	0.43	12.90
5.13	0.44	12.92
5.14	0.44	12.94
5.15	0.44	12.94
5.16	0.44	12.92
5.17	0.44	12.92
5.18	0.44	12.94
5.19	0.44	12.93
5.20	0.44	12.95
5.21	0.44	12.97
5.22	0.44	12.95
5.23	0.44	12.95
5.24	0.44	12.96
5.25	0.45	12.95
5.26	0.45	12.93
5.27	0.45	12.91
5.28	0.45	12.92
5.29	0.45	12.92
5.30	0.45	12.91
5.31	0.45	12.92
5.32	0.45	12.94
5.33	0.45	12.95
5.34	0.45	12.94
5.35	0.45	12.95
5.36	0.45	12.93
5.37	0.46	12.94
5.38	0.46	12.96
5.39	0.46	12.95
5.40	0.46	12.92
5.41	0.46	12.93
5.42	0.46	12.95
5.43	0.46	12.94
5.44	0.46	12.95
5.45	0.46	12.96
5.46	0.46	12.96
5.47	0.46	12.96
5.48	0.46	12.97
5.49	0.47	12.98
5.50	0.47	12.97
5.51	0.47	12.98
5.52	0.47	12.98
5.53	0.47	12.98
5.54	0.47	12.98
5.55	0.47	12.98
5.56	0.47	12.98
5.57	0.47	12.97
5.58	0.47	12.97
5.59	0.47	12.98
5.60	0.47	12.97
5.61	0.48	12.98
5.62	0.48	13.00
5.63	0.48	13.00
5.64	0.48	12.99
5.65	0.48	12.98
5.66	0.48	13.00
5.67	0.48	12.99
5.68	0.48	12.99
5.69	0.48	12.99
5.70	0.48	12.98
5.71	0.48	12.99
5.72	0.48	13.00
5.73	0.49	13.00
5.74	0.49	12.98
5.75	0.49	12.98
5.76	0.49	12.99
5.77	0.49	13.01
5.78	0.49	13.00
5.79	0.49	12.99
5.80	0.49	12.99
5.81	0.49	12.98
5.82	0.49	13.01
5.83	0.49	13.01
5.84	0.49	13.01
5.85	0.50	13.02
5.86	0.50	13.03
5.87	0.50	13.04
5.88	0.50	13.01
5.89	0.50	13.01
5.90	0.50	13.02
5.91	0.50	13.03
5.92	0.50	13.01
5.93	0.50	13.01
5.94	0.50	13.00
5.95	0.50	12.96
5.96	0.50	12.97
5.97	0.51	12.97
5.98	0.51	12.96
5.99	0.51	12.98
6.00	0.51	13.01
6.01	0.51	13.00
6.02	0.51	13.00
6.03	0.51	13.01
6.04	0.51	13.00
6.05	0.51	12.99
6.06	0.51	12.98
6.07	0.51	12.98
6.08	0.51	12.98
6.09	0.52	12.97
6.10	0.52	13.01
6.11	0.52	13.03
6.12	0.52	13.02
6.13	0.52	13.03
6.14	0.52	13.02
6.15	0.52	13.03
6.16	0.52	13.03
6.17	0.52	13.05
6.18	0.52	13.03
6.19	0.52	13.01
6.20	0.52	13.01
6.21	0.53	12.99
6.22	0.53	13.02
6.23	0.53	13.01
6.24	0.53	13.02
6.25	0.53	13.02
6.26	0.53	13.02
6.27	0.53	13.04
6.28	0.53	13.05
6.29	0.53	13.05
6.30	0.53	13.04
6.31	0.53	13.02
6.32	0.53	13.00
6.33	0.54	12.99
6.34	0.54	13.00
6.35	0.54	13.01
6.36	0.54	13.01
6.37	0.54	13.00
6.38	0.54	13.02
6.39	0.54	13.06
6.40	0.54	13.05
6.41	0.54	13.06
6.42	0.54	13.08
6.43	0.54	13.06
6.44	0.54	13.02
6.45	0.55	13.02
6.46	0.55	13.03
6.47	0.55	13.03
6.48	0.55	13.02
6.49	0.55	13.01
6.50	0.55	13.02
6.51	0.55	13.02
6.52	0.55	13.02
6.53	0.55	13.02
6.54	0.55	13.02
6.55	0.55	13.03
6.56	0.55	13.04
6.57	0.56	13.02
6.58	0.56	13.01
6.59	0.56	13.04
6.60	0.56	13.03
6.61	0.56	13.01
6.62	0.56	13.02
6.63	0.56	13.03
6.64	0.56	13.06
6.65	0.56	13.07
6.66	0.56	13.09
6.67	0.56	13.11
6.68	0.56	13.11
6.69	0.57	13.12
6.70	0.57	13.10
6.71	0.57	13.11
6.72	0.57	13.12
6.73	0.57	13.08
6.74	0.57	13.08
6.75	0.57	13.10
6.76	0.57	13.10
6.77	0.57	13.12
6.78	0.57	13.13
6.79	0.57	13.11
6.80	0.57	13.12
6.81	0.58	13.17
6.82	0.58	13.17
6.83	0.58	13.16
6.84	0.58	13.17
6.85	0.58	13.15
6.86	0.58	13.17
6.87	0.58	13.19
6.88	0.58	13.21
6.89	0.58	13.22
6.90	0.58	13.23
6.91	0.58	13.23
6.92	0.58	13.24
6.93	0.59	13.25
6.94	0.59	13.27
6.95	0.59	13.28
6.96	0.59	13.28
6.97	0.59	13.29
6.98	0.59	13.28
6.99	0.59	13.33
7.00	0.59	13.35
7.01	0.59	13.35
7.02	0.59	13.38
7.03	0.59	13.41
7.04	0.59	13.41
7.05	0.60	13.42
7.06	0.60	13.44
7.07	0.60	13.46
7.08	0.60	13.47
7.09	0.60	13.46
7.10	0.60	13.45
7.11	0.60	13.48
7.12	0.60	13.49
7.13	0.60	13.51
7.14	0.60	13.54
7.15	0.60	13.55
7.16	0.60	13.57
7.17	0.61	13.57
7.18	0.61	13.58
7.19	0.61	13.61
7.20	0.61	13.63
7.21	0.61	13.65
7.22	0.61	13.63
7.23	0.61	13.64
7.24	0.61	13.65
7.25	0.61	13.67
7.26	0.61	13.69
7.27	0.61	13.70
7.28	0.61	13.70
7.29	0.62	13.71
7.30	0.62	13.72
7.31	0.62	13.74
7.32	0.62	13.75
7.33	0.62	13.77
7.34	0.62	13.80
7.35	0.62	13.82
7.36	0.62	13.83
7.37	0.62	13.82
7.38	0.62	13.86
7.39	0.62	13.90
7.40	0.62	13.92
7.41	0.63	13.94
7.42	0.63	13.95
7.43	0.63	14.00
7.44	0.63	14.07
7.45	0.63	14.13
7.46	0.63	14.20
7.47	0.63	14.25
7.48	0.63	14.33
7.49	0.63	14.40
7.50	0.63	14.45
7.51	0.63	14.53
7.52	0.63	14.62
7.53	0.64	14.68
7.54	0.64	14.72
7.55	0.64	14.77
7.56	0.64	14.80
7.57	0.64	14.82
7.58	0.64	14.87
7.59	0.64	14.87
7.60	0.64	14.88
7.61	0.64	14.96
7.62	0.64	15.00
7.63	0.64	15.03
7.64	0.64	15.06
7.65	0.65	15.10
7.66	0.65	15.15
7.67	0.65	15.17
7.68	0.65	15.19
7.69	0.65	15.20
7.70	0.65	15.20
7.71	0.65	15.23
7.72	0.65	15.26
7.73	0.65	15.28
7.74	0.65	15.31
7.75	0.65	15.34
7.76	0.65	15.36
7.77	0.66	15.37
7.78	0.66	15.39
7.79	0.66	15.40
7.80	0.66	15.41
7.81	0.66	15.41
7.82	0.66	15.43
7.83	0.66	15.45
7.84	0.66	15.44
7.85	0.66	15.44
7.86	0.66	15.44
7.87	0.66	15.45
7.88	0.66	15.46
7.89	0.67	15.43
7.90	0.67	15.45
7.91	0.67	15.47
7.92	0.67	15.47
7.93	0.67	15.48
7.94	0.67	15.48
7.95	0.67	15.51
7.96	0.67	15.50
7.97	0.67	15.47
7.98	0.67	15.51
7.99	0.67	15.50
8.00	0.67	15.50
8.01	0.68	15.50
8.02	0.68	15.49
8.03	0.68	15.55
8.04	0.68	15.54
8.05	0.68	15.54
8.06	0.68	15.55
8.07	0.68	15.56
8.08	0.68	15.59
8.09	0.68	15.59
8.10	0.68	15.60
8.11	0.68	15.60
8.12	0.68	15.61
8.13	0.69	15.62
8.14	0.69	15.61
8.15	0.69	15.63
8.16	0.69	15.63
8.17	0.69	15.64
8.18	0.69	15.64
8.19	0.69	15.61
8.20	0.69	15.59
8.21	0.69	15.62
8.22	0.69	15.63
8.23	0.69	15.60
8.24	0.69	15.61
8.25	0.70	15.65
8.26	0.70	15.65
8.27	0.70	15.64
8.28	0.70	15.66
8.29	0.70	15.67
8.30	0.70	15.65
8.31	0.70	15.65
8.32	0.70	15.67
8.33	0.70	15.69
8.34	0.70	15.70
8.35	0.70	15.68
8.36	0.70	15.68
8.37	0.71	15.68
8.38	0.71	15.68
8.39	0.71	15.69
8.40	0.71	15.70
8.41	0.71	15.73
8.42	0.71	15.71
8.43	0.71	15.68
8.44	0.71	15.69
8.45	0.71	15.69
8.46	0.71	15.73
8.47	0.71	15.75
8.48	0.71	15.73
8.49	0.72	15.74
8.50	0.72	15.73
8.51	0.72	15.73
8.52	0.72	15.70
8.53	0.72	15.71
8.54	0.72	15.72
8.55	0.72	15.71
8.56	0.72	15.72
8.57	0.72	15.71
8.58	0.72	15.73
8.59	0.72	15.72
8.60	0.72	15.72
8.61	0.73	15.74
8.62	0.73	15.71
8.63	0.73	15.72
8.64	0.73	15.75
8.65	0.73	15.77
8.66	0.73	15.79
8.67	0.73	15.79
8.68	0.73	15.79
8.69	0.73	15.81
8.70	0.73	15.84
8.71	0.73	15.89
8.72	0.73	15.90
8.73	0.74	15.88
8.74	0.74	15.88
8.75	0.74	15.88
8.76	0.74	15.89
8.77	0.74	15.89
8.78	0.74	15.89
8.79	0.74	15.91
8.80	0.74	15.91
8.81	0.74	15.91
8.82	0.74	15.92
8.83	0.74	15.93
8.84	0.74	15.92
8.85	0.75	15.90
8.86	0.75	15.94
8.87	0.75	15.94
8.88	0.75	15.94
8.89	0.75	15.95
8.90	0.75	15.95
8.91	0.75	15.97
8.92	0.75	15.99
8.93	0.75	16.01
8.94	0.75	16.01
8.95	0.75	16.02
8.96	0.75	16.00
8.97	0.76	16.01
8.98	0.76	16.03
8.99	0.76	16.02
9.00	0.76	16.03
9.01	0.76	16.06
9.02	0.76	16.06
9.03	0.76	16.07
9.04	0.76	16.07
9.05	0.76	16.08
9.06	0.76	16.07
9.07	0.76	16.06
9.08	0.76	16.07
9.09	0.77	16.10
9.10	0.77	16.11
9.11	0.77	16.07
9.12	0.77	16.08
9.13	0.77	16.07
9.14	0.77	16.08
9.15	0.77	16.09
9.16	0.77	16.08
9.17	0.77	16.09
9.18	0.77	16.08
9.19	0.77	16.07
9.20	0.77	16.08
9.21	0.78	16.08
9.22	0.78	16.07
9.23	0.78	16.09
9.24	0.78	16.10
9.25	0.78	16.10
9.26	0.78	16.08
9.27	0.78	16.09
9.28	0.78	16.08
9.29	0.78	16.06
9.30	0.78	16.12
9.31	0.78	16.10
9.32	0.78	16.10
9.33	0.79	16.13
9.34	0.79	16.13
9.35	0.79	16.14
9.36	0.79	16.16
9.37	0.79	16.19
9.38	0.79	16.18
9.39	0.79	16.19
9.40	0.79	16.20
9.41	0.79	16.22
9.42	0.79	16.25
9.43	0.79	16.27
9.44	0.79	16.27
9.45	0.80	16.26
9.46	0.80	16.26
9.47	0.80	16.28
9.48	0.80	16.27
9.49	0.80	16.28
9.50	0.80	16.29
9.51	0.80	16.28
9.52	0.80	16.28
9.53	0.80	16.28
9.54	0.80	16.30
9.55	0.80	16.34
9.56	0.80	16.32
9.57	0.81	16.31
9.58	0.81	16.34
9.59	0.81	16.36
9.60	0.81	16.35
9.61	0.81	16.35
9.62	0.81	16.39
9.63	0.81	16.39
9.64	0.81	16.38
9.65	0.81	16.39
9.66	0.81	16.39
9.67	0.81	16.41
9.68	0.81	16.41
9.69	0.82	16.41
9.70	0.82	16.40
9.71	0.82	16.42
9.72	0.82	16.46
9.73	0.82	16.47
9.74	0.82	16.49
9.75	0.82	16.50
9.76	0.82	16.50
9.77	0.82	16.51
9.78	0.82	16.53
9.79	0.82	16.55
9.80	0.82	16.57
9.81	0.83	16.59
9.82	0.83	16.60
9.83	0.83	16.60
9.84	0.83	16.62
9.85	0.83	16.63
9.86	0.83	16.63
9.87	0.83	16.65
9.88	0.83	16.63
9.89	0.83	16.64
9.90	0.83	16.64
9.91	0.83	16.64
9.92	0.83	16.65
9.93	0.84	16.66
9.94	0.84	16.65
9.95	0.84	16.63
9.96	0.84	16.62
9.97	0.84	16.63
9.98	0.84	16.65
9.99	0.84	16.63
10.00	0.84	16.64
10.01	0.84	16.71
10.02	0.84	16.71
10.03	0.84	16.71
10.04	0.84	16.71
10.05	0.85	16.68
10.06	0.85	16.69
10.07	0.85	16.69
10.08	0.85	16.71
10.09	0.85	16.71
10.10	0.85	16.69
10.11	0.85	16.68
10.12	0.85	16.69
10.13	0.85	16.69
10.14	0.85	16.70
10.15	0.85	16.69
10.16	0.85	16.69
10.17	0.86	16.70
10.18	0.86	16.69
10.19	0.86	16.68
10.20	0.86	16.69
10.21	0.86	16.71
10.22	0.86	16.73
10.23	0.86	16.71
10.24	0.86	16.69
10.25	0.86	16.71
10.26	0.86	16.72
10.27	0.86	16.73
10.28	0.86	16.75
10.29	0.87	16.75
10.30	0.87	16.74
10.31	0.87	16.73
10.32	0.87	16.71
10.33	0.87	16.75
10.34	0.87	16.78
10.35	0.87	16.79
10.36	0.87	16.79
10.37	0.87	16.78
10.38	0.87	16.78
10.39	0.87	16.80
10.40	0.87	16.86
10.41	0.88	16.87
10.42	0.88	16.87
10.43	0.88	16.88
10.44	0.88	16.90
10.45	0.88	16.90
10.46	0.88	16.92
10.47	0.88	16.93
10.48	0.88	16.90
10.49	0.88	16.91
10.50	0.88	16.92
10.51	0.88	16.91
10.52	0.88	16.92
10.53	0.89	16.94
10.54	0.89	16.97
10.55	0.89	16.99
10.56	0.89	17.00
10.57	0.89	17.04
10.58	0.89	17.08
10.59	0.89	17.09
10.60	0.89	17.10
10.61	0.89	17.15
10.62	0.89	17.23
10.63	0.89	17.28
10.64	0.89	17.30
10.65	0.90	17.34
10.66	0.90	17.35
10.67	0.90	17.34
10.68	0.90	17.39
10.69	0.90	17.43
10.70	0.90	17.45
10.71	0.90	17.48
10.72	0.90	17.50
10.73	0.90	17.53
10.74	0.90	17.58
10.75	0.90	17.63
10.76	0.90	17.65
10.77	0.91	17.73
10.78	0.91	17.76
10.79	0.91	17.80
10.80	0.91	17.88
10.81	0.91	17.94
10.82	0.91	18.03
10.83	0.91	18.10
10.84	0.91	18.17
10.85	0.91	18.26
10.86	0.91	18.33
10.87	0.91	18.38
10.88	0.91	18.44
10.89	0.92	18.49
10.90	0.92	18.53
10.91	0.92	18.59
10.92	0.92	18.65
10.93	0.92	18.72
10.94	0.92	18.80
10.95	0.92	18.87
10.96	0.92	18.95
10.97	0.92	19.05
10.98	0.92	19.18
10.99	0.92	19.30
11.00	0.92	19.44
11.01	0.93	19.60
11.02	0.93	19.73
11.03	0.93	19.87
11.04	0.93	20.00
11.05	0.93	20.12
11.06	0.93	20.23
11.07	0.93	20.32
11.08	0.93	20.42
11.09	0.93	20.53
11.10	0.93	20.66
11.11	0.93	20.79
11.12	0.93	20.92
11.13	0.94	21.07
11.14	0.94	21.21
11.15	0.94	21.32
11.16	0.94	21.45
11.17	0.94	21.59
11.18	0.94	21.73
11.19	0.94	21.90
11.20	0.94	22.07
11.21	0.94	22.19
11.22	0.94	22.34
11.23	0.94	22.51
11.24	0.94	22.69
11.25	0.95	22.86
11.26	0.95	23.02
11.27	0.95	23.16
11.28	0.95	23.33
11.29	0.95	23.50
11.30	0.95	23.66
11.31	0.95	23.80
11.32	0.95	23.94
11.33	0.95	24.10
11.34	0.95	24.26
11.35	0.95	24.39
11.36	0.95	24.51
11.37	0.96	24.69
11.38	0.96	24.85
11.39	0.96	25.01
11.40	0.96	25.17
11.41	0.96	25.36
11.42	0.96	25.54
11.43	0.96	25.71
11.44	0.96	25.88
11.45	0.96	26.03
11.46	0.96	26.20
11.47	0.96	26.38
11.48	0.96	26.55
11.49	0.97	26.72
11.50	0.97	26.88
11.51	0.97	27.07
11.52	0.97	27.25
11.53	0.97	27.43
11.54	0.97	27.62
11.55	0.97	27.81
11.56	0.97	28.02
11.57	0.97	28.19
11.58	0.97	28.36
11.59	0.97	28.58
11.60	0.97	28.78
11.61	0.98	28.96
11.62	0.98	29.16
11.63	0.98	29.33
11.64	0.98	29.48
11.65	0.98	29.69
11.66	0.98	29.89
11.67	0.98	30.09
11.68	0.98	30.28
11.69	0.98	30.46
11.70	0.98	30.66
11.71	0.98	30.87
11.72	0.98	31.09
11.73	0.99	31.28
11.74	0.99	31.46
11.75	0.99	31.68
11.76	0.99	31.89
11.77	0.99	32.05
11.78	0.99	32.24
11.79	0.99	32.44
11.80	0.99	32.63
11.81	0.99	32.81
11.82	0.99	33.00
11.83	0.99	33.20
11.84	0.99	33.40
11.85	1.00	33.58
11.86	1.00	33.78
11.87	1.00	33.99
11.88	1.00	34.19
11.89	1.00	34.38
11.90	1.00	34.57
11.91	1.00	34.79
11.92	1.00	35.00
11.93	1.00	35.18
11.94	1.00	35.35
11.95	1.00	35.53
11.96	1.00	35.71
11.97	1.01	35.91
11.98	1.01	36.12
11.99	1.01	36.29
12.00	1.01	36.46
12.01	1.01	36.66
12.02	1.01	36.88
12.03	1.01	37.08
12.04	1.01	37.26
12.05	1.01	37.45
12.06	1.01	37.65
12.07	1.01	37.85
12.08	1.01	38.03
12.09	1.02	38.22
12.10	1.02	38.43
12.11	1.02	38.63
12.12	1.02	38.78
12.13	1.02	38.97
12.14	1.02	39.17
12.15	1.02	39.38
12.16	1.02	39.58
12.17	1.02	39.78
12.18	1.02	39.99
12.19	1.02	40.19
12.20	1.02	40.38
12.21	1.03	40.58
12.22	1.03	40.79
12.23	1.03	40.95
12.24	1.03	41.14
12.25	1.03	41.33
12.26	1.03	41.52
12.27	1.03	41.71
12.28	1.03	41.88
12.29	1.03	42.05
12.30	1.03	42.24
12.31	1.03	42.45
12.32	1.03	42.63
12.33	1.04	42.82
12.34	1.04	43.03
12.35	1.04	43.22
12.36	1.04	43.41
12.37	1.04	43.59
12.38	1.04	43.78
12.39	1.04	43.98
12.40	1.04	44.17
12.41	1.04	44.34
12.42	1.04	44.51
12.43	1.04	44.69
12.44	1.04	44.90
12.45	1.05	45.09
12.46	1.05	45.24
12.47	1.05	45.42
12.48	1.05	45.61
12.49	1.05	45.80
12.50	1.05	45.98
12.51	1.05	46.16
12.52	1.05	46.37
12.53	1.05	46.55
12.54	1.05	46.70
12.55	1.05	46.90
12.56	1.05	47.07
12.57	1.06	47.23
12.58	1.06	47.42
12.59	1.06	47.59
12.60	1.06	47.76
12.61	1.06	47.95
12.62	1.06	48.14
12.63	1.06	48.35
12.64	1.06	48.52
12.65	1.06	48.68
12.66	1.06	48.85
12.67	1.06	49.03
12.68	1.06	49.23
12.69	1.07	49.40
12.70	1.07	49.58
12.71	1.07	49.77
12.72	1.07	49.94
12.73	1.07	50.11
12.74	1.07	50.29
12.75	1.07	50.47
12.76	1.07	50.63
12.77	1.07	50.83
12.78	1.07	51.04
12.79	1.07	51.22
12.80	1.07	51.38
12.81	1.08	51.57
12.82	1.08	51.76
12.83	1.08	51.95
12.84	1.08	52.13
12.85	1.08	52.29
12.86	1.08	52.46
12.87	1.08	52.62
12.88	1.08	52.80
12.89	1.08	52.98
12.90	1.08	53.18
12.91	1.08	53.35
12.92	1.08	53.52
12.93	1.09	53.70
12.94	1.09	53.85
12.95	1.09	54.05
12.96	1.09	54.24
12.97	1.09	54.40
12.98	1.09	54.58
12.99	1.09	54.76
13.00	1.09	54.94
13.01	1.09	55.11
13.02	1.09	55.26
13.03	1.09	55.44
13.04	1.09	55.60
13.05	1.10	55.75
13.06	1.10	55.89
13.07	1.10	56.09
13.08	1.10	56.28
13.09	1.10	56.42
13.10	1.10	56.60
13.11	1.10	56.79
13.12	1.10	56.95
13.13	1.10	57.14
13.14	1.10	57.31
13.15	1.10	57.48
13.16	1.10	57.66
13.17	1.11	57.82
13.18	1.11	57.97
13.19	1.11	58.11
13.20	1.11	58.29
13.21	1.11	58.47
13.22	1.11	58.64
13.23	1.11	58.79
13.24	1.11	58.97
13.25	1.11	59.15
13.26	1.11	59.30
13.27	1.11	59.46
13.28	1.11	59.62
13.29	1.12	59.82
13.30	1.12	59.99
13.31	1.12	60.14
13.32	1.12	60.29
13.33	1.12	60.47
13.34	1.12	60.65
13.35	1.12	60.81
13.36	1.12	60.95
13.37	1.12	61.09
13.38	1.12	61.25
13.39	1.12	61.42
13.40	1.12	61.59
13.41	1.13	61.77
13.42	1.13	61.95
13.43	1.13	62.13
13.44	1.13	62.28
13.45	1.13	62.43
13.46	1.13	62.61
13.47	1.13	62.78
13.48	1.13	62.94
13.49	1.13	63.08
13.50	1.13	63.23
13.51	1.13	63.40
13.52	1.13	63.56
13.53	1.14	63.73
13.54	1.14	63.87
13.55	1.14	64.03
13.56	1.14	64.21
13.57	1.14	64.36
13.58	1.14	64.52
13.59	1.14	64.68
13.60	1.14	64.84
13.61	1.14	64.99
13.62	1.14	65.14
13.63	1.14	65.28
13.64	1.14	65.42
13.65	1.15	65.60
13.66	1.15	65.76
13.67	1.15	65.89
13.68	1.15	66.05
13.69	1.15	66.20
13.70	1.15	66.39
13.71	1.15	66.55
13.72	1.15	66.70
13.73	1.15	66.85
13.74	1.15	67.01
13.75	1.15	67.18
13.76	1.15	67.30
13.77	1.16	67.47
13.78	1.16	67.65
13.79	1.16	67.79
13.80	1.16	67.92
13.81	1.16	68.09
13.82	1.16	68.26
13.83	1.16	68.38
13.84	1.16	68.52
13.85	1.16	68.68
13.86	1.16	68.82
13.87	1.16	68.98
13.88	1.16	69.18
13.89	1.17	69.32
13.90	1.17	69.46
13.91	1.17	69.64
13.92	1.17	69.78
13.93	1.17	69.92
13.94	1.17	70.08
13.95	1.17	70.23
13.96	1.17	70.37
13.97	1.17	70.52
13.98	1.17	70.58
13.99	1.17	70.56
14.00	1.17	70.59
14.01	1.18	70.69
14.02	1.18	70.85
14.03	1.18	71.01
14.04	1.18	71.15
14.05	1.18	71.31
14.06	1.18	71.45
14.07	1.18	71.59
14.08	1.18	71.74
14.09	1.18	71.90
14.10	1.18	72.05
14.11	1.18	72.19
14.12	1.18	72.34
14.13	1.19	72.49
14.14	1.19	72.62
14.15	1.19	72.75
14.16	1.19	72.90
14.17	1.19	73.05
14.18	1.19	73.18
14.19	1.19	73.33
14.20	1.19	73.48
14.21	1.19	73.62
14.22	1.19	73.78
14.23	1.19	73.92
14.24	1.19	74.04
14.25	1.20	74.17
14.26	1.20	74.30
14.27	1.20	74.45
14.28	1.20	74.60
14.29	1.20	74.71
14.30	1.20	74.85
14.31	1.20	75.00
14.32	1.20	75.12
14.33	1.20	75.28
14.34	1.20	75.43
14.35	1.20	75.54
14.36	1.20	75.68
14.37	1.21	75.85
14.38	1.21	75.98
14.39	1.21	76.09
14.40	1.21	76.22
14.41	1.21	76.37
14.42	1.21	76.52
14.43	1.21	76.64
14.44	1.21	76.75
14.45	1.21	76.88
14.46	1.21	77.05
14.47	1.21	77.21
14.48	1.21	77.32
14.49	1.22	77.47
14.50	1.22	77.62
14.51	1.22	77.74
14.52	1.22	77.87
14.53	1.22	78.00
14.54	1.22	78.12
14.55	1.22	78.27
14.56	1.22	78.42
14.57	1.22	78.55
14.58	1.22	78.68
14.59	1.22	78.81
14.60	1.22	78.91
14.61	1.23	79.03
14.62	1.23	79.20
14.63	1.23	79.33
14.64	1.23	79.46
14.65	1.23	79.60
14.66	1.23	79.71
14.67	1.23	79.86
14.68	1.23	80.01
14.69	1.23	80.13
14.70	1.23	80.22
14.71	1.23	80.34
14.72	1.23	80.48
14.73	1.24	80.61
14.74	1.24	80.73
14.75	1.24	80.83
14.76	1.24	80.94
14.77	1.24	81.08
14.78	1.24	81.20
14.79	1.24	81.32
14.80	1.24	81.44
14.81	1.24	81.58
14.82	1.24	81.71
14.83	1.24	81.84
14.84	1.24	81.94
14.85	1.25	82.05
14.86	1.25	82.16
14.87	1.25	82.29
14.88	1.25	82.41
14.89	1.25	82.53
14.90	1.25	82.64
14.91	1.25	82.73
14.92	1.25	82.86
14.93	1.25	83.00
14.94	1.25	83.10
14.95	1.25	83.22
14.96	1.25	83.37
14.97	1.26	83.50
14.98	1.26	83.61
14.99	1.26	83.72
15.00	1.26	83.86
15.01	1.26	83.98
15.02	1.26	84.08
15.03	1.26	84.19
15.04	1.26	84.30
15.05	1.26	84.42
15.06	1.26	84.56
15.07	1.26	84.67
15.08	1.26	84.78
15.09	1.27	84.91
15.10	1.27	85.03
15.11	1.27	85.15
15.12	1.27	85.28
15.13	1.27	85.39
15.14	1.27	85.49
15.15	1.27	85.61
15.16	1.27	85.72
15.17	1.27	85.84
15.18	1.27	85.96
15.19	1.27	86.07
15.20	1.27	86.17
15.21	1.28	86.27
15.22	1.28	86.38
15.23	1.28	86.50
15.24	1.28	86.60
15.25	1.28	86.72
15.26	1.28	86.84
15.27	1.28	86.96
15.28	1.28	87.08
15.29	1.28	87.20
15.30	1.28	87.31
15.31	1.28	87.41
15.32	1.28	87.49
15.33	1.29	87.61
15.34	1.29	87.72
15.35	1.29	87.83
15.36	1.29	87.92
15.37	1.29	88.03
15.38	1.29	88.13
15.39	1.29	88.22
15.40	1.29	88.32
15.41	1.29	88.41
15.42	1.29	88.53
15.43	1.29	88.64
15.44	1.29	88.74
15.45	1.30	88.83
15.46	1.30	88.92
15.47	1.30	89.02
15.48	1.30	89.12
15.49	1.30	89.23
15.50	1.30	89.32
15.51	1.30	89.41
15.52	1.30	89.51
15.53	1.30	89.60
15.54	1.30	89.71
15.55	1.30	89.84
15.56	1.30	89.94
15.57	1.31	90.02
15.58	1.31	90.15
15.59	1.31	90.24
15.60	1.31	90.35
15.61	1.31	90.47
15.62	1.31	90.57
15.63	1.31	90.66
15.64	1.31	90.73
15.65	1.31	90.82
15.66	1.31	90.92
15.67	1.31	91.02
15.68	1.31	91.11
15.69	1.32	91.22
15.70	1.32	91.35
15.71	1.32	91.45
15.72	1.32	91.54
15.73	1.32	91.62
15.74	1.32	91.72
15.75	1.32	91.82
15.76	1.32	91.91
15.77	1.32	92.04
15.78	1.32	92.16
15.79	1.32	92.24
15.80	1.32	92.32
15.81	1.33	92.40
15.82	1.33	92.48
15.83	1.33	92.57
15.84	1.33	92.65
15.85	1.33	92.74
15.86	1.33	92.85
15.87	1.33	92.95
15.88	1.33	93.06
15.89	1.33	93.16
15.90	1.33	93.24
15.91	1.33	93.32
15.92	1.33	93.43
15.93	1.34	93.51
15.94	1.34	93.56
15.95	1.34	93.67
15.96	1.34	93.75
15.97	1.34	93.83
15.98	1.34	93.94
15.99	1.34	94.02
16.00	1.34	94.12
16.01	1.34	94.20
16.02	1.34	94.29
16.03	1.34	94.38
16.04	1.34	94.45
16.05	1.35	94.54
16.06	1.35	94.64
16.07	1.35	94.70
16.08	1.35	94.81
16.09	1.35	94.89
16.10	1.35	94.94
16.11	1.35	95.04
16.12	1.35	95.13
16.13	1.35	95.20
16.14	1.35	95.29
16.15	1.35	95.36
16.16	1.35	95.42
16.17	1.36	95.52
16.18	1.36	95.62
16.19	1.36	95.71
16.20	1.36	95.78
16.21	1.36	95.88
16.22	1.36	95.96
16.23	1.36	96.02
16.24	1.36	96.10
16.25	1.36	96.18
16.26	1.36	96.29
16.27	1.36	96.37
16.28	1.36	96.44
16.29	1.37	96.51
16.30	1.37	96.58
16.31	1.37	96.67
16.32	1.37	96.75
16.33	1.37	96.83
16.34	1.37	96.93
16.35	1.37	97.00
16.36	1.37	97.06
16.37	1.37	97.15
16.38	1.37	97.26
16.39	1.37	97.32
16.40	1.37	97.37
16.41	1.38	97.43
16.42	1.38	97.49
16.43	1.38	97.58
16.44	1.38	97.68
16.45	1.38	97.75
16.46	1.38	97.82
16.47	1.38	97.89
16.48	1.38	97.95
16.49	1.38	98.02
16.50	1.38	98.11
16.51	1.38	98.18
16.52	1.38	98.24
16.53	1.39	98.34
16.54	1.39	98.44
16.55	1.39	98.51
16.56	1.39	98.55
16.57	1.39	98.61
16.58	1.39	98.68
16.59	1.39	98.74
16.60	1.39	98.80
16.61	1.39	98.87
16.62	1.39	98.94
16.63	1.39	99.02
16.64	1.39	99.10
16.65	1.40	99.17
16.66	1.40	99.22
16.67	1.40	99.28
16.68	1.40	99.35
16.69	1.40	99.42
16.70	1.40	99.49
16.71	1.40	99.55
16.72	1.40	99.60
16.73	1.40	99.66
16.74	1.40	99.73
16.75	1.40	99.80
16.76	1.40	99.89
16.77	1.41	99.96
16.78	1.41	100.02
16.79	1.41	100.06
16.80	1.41	100.14
16.81	1.41	100.22
16.82	1.41	100.28
16.83	1.41	100.36
16.84	1.41	100.42
16.85	1.41	100.46
16.86	1.41	100.51
16.87	1.41	100.60
16.88	1.41	100.69
16.89	1.42	100.75
16.90	1.42	100.80
16.91	1.42	100.85
16.92	1.42	100.89
16.93	1.42	100.96
16.94	1.42	101.04
16.95	1.42	101.07
16.96	1.42	101.16
16.97	1.42	101.25
16.98	1.42	101.28
16.99	1.42	101.35
17.00	1.42	101.43
17.01	1.43	101.46
17.02	1.43	101.52
17.03	1.43	101.57
17.04	1.43	101.63
17.05	1.43	101.69
17.06	1.43	101.72
17.07	1.43	101.79
17.08	1.43	101.84
17.09	1.43	101.90
17.10	1.43	101.98
17.11	1.43	102.04
17.12	1.43	102.08
17.13	1.44	102.14
17.14	1.44	102.20
17.15	1.44	102.25
17.16	1.44	102.28
17.17	1.44	102.33
17.18	1.44	102.41
17.19	1.44	102.44
17.20	1.44	102.48
17.21	1.44	102.56
17.22	1.44	102.62
17.23	1.44	102.66
17.24	1.44	102.70
17.25	1.45	102.75
17.26	1.45	102.81
17.27	1.45	102.87
17.28	1.45	102.92
17.29	1.45	102.99
17.30	1.45	103.04
17.31	1.45	103.08
17.32	1.45	103.13
17.33	1.45	103.17
17.34	1.45	103.22
17.35	1.45	103.27
17.36	1.45	103.32
17.37	1.46	103.36
17.38	1.46	103.43
17.39	1.46	103.48
17.40	1.46	103.53
17.41	1.46	103.60
17.42	1.46	103.64
17.43	1.46	103.69
17.44	1.46	103.74
17.45	1.46	103.79
17.46	1.46	103.83
17.47	1.46	103.87
17.48	1.46	103.93
17.49	1.47	103.97
17.50	1.47	104.01
17.51	1.47	104.07
17.52	1.47	104.13
17.53	1.47	104.16
17.54	1.47	104.20
17.55	1.47	104.25
17.56	1.47	104.31
17.57	1.47	104.37
17.58	1.47	104.42
17.59	1.47	104.46
17.60	1.47	104.50
17.61	1.48	104.54
17.62	1.48	104.57
17.63	1.48	104.61
17.64	1.48	104.68
17.65	1.48	104.71
17.66	1.48	104.73
17.67	1.48	104.77
17.68	1.48	104.81
17.69	1.48	104.83
17.70	1.48	104.87
17.71	1.48	104.89
17.72	1.48	104.92
17.73	1.49	104.98
17.74	1.49	105.04
17.75	1.49	105.09
17.76	1.49	105.15
17.77	1.49	105.21
17.78	1.49	105.21
17.79	1.49	105.25
17.80	1.49	105.29
17.81	1.49	105.31
17.82	1.49	105.35
17.83	1.49	105.40
17.84	1.49	105.44
17.85	1.50	105.44
17.86	1.50	105.49
17.87	1.50	105.56
17.88	1.50	105.61
17.89	1.50	105.65
17.90	1.50	105.66
17.91	1.50	105.69
17.92	1.50	105.76
17.93	1.50	105.80
17.94	1.50	105.81
17.95	1.50	105.86
17.96	1.50	105.90
17.97	1.51	105.92
17.98	1.51	105.96
17.99	1.51	105.99
18.00	1.51	106.02
18.01	1.51	106.08
18.02	1.51	106.12
18.03	1.51	106.16
18.04	1.51	106.22
18.05	1.51	106.27
18.06	1.51	106.30
18.07	1.51	106.34
18.08	1.51	106.36
18.09	1.52	106.41
18.10	1.52	106.44
18.11	1.52	106.43
18.12	1.52	106.48
18.13	1.52	106.54
18.14	1.52	106.54
18.15	1.52	106.55
18.16	1.52	106.61
18.17	1.52	106.66
18.18	1.52	106.69
18.19	1.52	106.71
18.20	1.52	106.73
18.21	1.53	106.78
18.22	1.53	106.79
18.23	1.53	106.82
18.24	1.53	106.86
18.25	1.53	106.87
18.26	1.53	106.91
18.27	1.53	106.94
18.28	1.53	106.99
18.29	1.53	107.00
18.30	1.53	107.02
18.31	1.53	107.06
18.32	1.53	107.08
18.33	1.54	107.13
18.34	1.54	107.16
18.35	1.54	107.19
18.36	1.54	107.20
18.37	1.54	107.22
18.38	1.54	107.27
18.39	1.54	107.30
18.40	1.54	107.33
18.41	1.54	107.37
18.42	1.54	107.37
18.43	1.54	107.38
18.44	1.54	107.43
18.45	1.55	107.47
18.46	1.55	107.48
18.47	1.55	107.49
18.48	1.55	107.52
18.49	1.55	107.56
18.50	1.55	107.61
18.51	1.55	107.65
18.52	1.55	107.66
18.53	1.55	107.69
18.54	1.55	107.73
18.55	1.55	107.76
18.56	1.55	107.79
18.57	1.56	107.80
18.58	1.56	107.80
18.59	1.56	107.82
18.60	1.56	107.85
18.61	1.56	107.90
18.62	1.56	107.94
18.63	1.56	107.95
18.64	1.56	107.96
18.65	1.56	108.00
18.66	1.56	108.04
18.67	1.56	108.09
18.68	1.56	108.12
18.69	1.57	108.15
18.70	1.57	108.17
18.71	1.57	108.19
18.72	1.57	108.21
18.73	1.57	108.22
18.74	1.57	108.25
18.75	1.57	108.26
18.76	1.57	108.28
18.77	1.57	108.30
18.78	1.57	108.32
18.79	1.57	108.34
18.80	1.57	108.37
18.81	1.58	108.41
18.82	1.58	108.42
18.83	1.58	108.43
18.84	1.58	108.46
18.85	1.58	108.49
18.86	1.58	108.51
18.87	1.58	108.52
18.88	1.58	108.54
18.89	1.58	108.57
18.90	1.58	108.60
18.91	1.58	108.61
18.92	1.58	108.62
18.93	1.59	108.61
18.94	1.59	108.64
18.95	1.59	108.66
18.96	1.59	108.68
18.97	1.59	108.72
18.98	1.59	108.72
18.99	1.59	108.76
19.00	1.59	108.80
19.01	1.59	108.80
19.02	1.59	108.82
19.03	1.59	108.83
19.04	1.59	108.84
19.05	1.60	108.87
19.06	1.60	108.91
19.07	1.60	108.91
19.08	1.60	108.92
19.09	1.60	108.95
19.10	1.60	108.99
19.11	1.60	109.00
19.12	1.60	109.02
19.13	1.60	109.06
19.14	1.60	109.06
19.15	1.60	109.07
19.16	1.60	109.09
19.17	1.61	109.11
19.18	1.61	109.14
19.19	1.61	109.16
19.20	1.61	109.18
19.21	1.61	109.18
19.22	1.61	109.19
19.23	1.61	109.20
19.24	1.61	109.23
19.25	1.61	109.24
19.26	1.61	109.24
19.27	1.61	109.29
19.28	1.61	109.33
19.29	1.62	109.34
19.30	1.62	109.35
19.31	1.62	109.36
19.32	1.62	109.36
19.33	1.62	109.37
19.34	1.62	109.41
19.35	1.62	109.41
19.36	1.62	109.44
19.37	1.62	109.45
19.38	1.62	109.45
19.39	1.62	109.46
19.40	1.62	109.49
19.41	1.63	109.52
19.42	1.63	109.52
19.43	1.63	109.52
19.44	1.63	109.55
19.45	1.63	109.59
19.46	1.63	109.58
19.47	1.63	109.59
19.48	1.63	109.63
19.49	1.63	109.64
19.50	1.63	109.65
19.51	1.63	109.65
19.52	1.63	109.65
19.53	1.64	109.67
19.54	1.64	109.69
19.55	1.64	109.70
19.56	1.64	109.72
19.57	1.64	109.74
19.58	1.64	109.77
19.59	1.64	109.76
19.60	1.64	109.80
19.61	1.64	109.80
19.62	1.64	109.81
19.63	1.64	109.82
19.64	1.64	109.82
19.65	1.65	109.87
19.66	1.65	109.88
19.67	1.65	109.86
19.68	1.65	109.89
19.69	1.65	109.92
19.70	1.65	109.90
19.71	1.65	109.92
19.72	1.65	109.95
19.73	1.65	109.96
19.74	1.65	109.98
19.75	1.65	110.00
19.76	1.65	110.04
19.77	1.66	110.06
19.78	1.66	110.05
19.79	1.66	110.05
19.80	1.66	110.08
19.81	1.66	110.09
19.82	1.66	110.07
19.83	1.66	110.08
19.84	1.66	110.13
19.85	1.66	110.12
19.86	1.66	110.10
19.87	1.66	110.13
19.88	1.66	110.15
19.89	1.67	110.20
19.90	1.67	110.21
19.91	1.67	110.22
19.92	1.67	110.23
19.93	1.67	110.24
19.94	1.67	110.27
19.95	1.67	110.26
19.96	1.67	110.25
19.97	1.67	110.26
19.98	1.67	110.29
19.99	1.67	110.31
20.00	1.67	110.30
20.01	1.68	110.29
20.02	1.68	110.31
20.03	1.68	110.33
20.04	1.68	110.35
20.05	1.68	110.35
20.06	1.68	110.36
20.07	1.68	110.39
20.08	1.68	110.41
20.09	1.68	110.41
20.10	1.68	110.41
20.11	1.68	110.43
20.12	1.68	110.43
20.13	1.69	110.43
20.14	1.69	110.43
20.15	1.69	110.43
20.16	1.69	110.45
20.17	1.69	110.47
20.18	1.69	110.48
20.19	1.69	110.48
20.20	1.69	110.52
20.21	1.69	110.53
20.22	1.69	110.52
20.23	1.69	110.55
20.24	1.69	110.58
20.25	1.70	110.58
20.26	1.70	110.58
20.27	1.70	110.60
20.28	1.70	110.61
20.29	1.70	110.61
20.30	1.70	110.60
20.31	1.70	110.62
20.32	1.70	110.64
20.33	1.70	110.62
20.34	1.70	110.61
20.35	1.70	110.64
20.36	1.70	110.68
20.37	1.71	110.68
20.38	1.71	110.68
20.39	1.71	110.69
20.40	1.71	110.72
20.41	1.71	110.72
20.42	1.71	110.73
20.43	1.71	110.75
20.44	1.71	110.74
20.45	1.71	110.75
20.46	1.71	110.76
20.47	1.71	110.76
20.48	1.71	110.76
20.49	1.72	110.76
20.50	1.72	110.78
20.51	1.72	110.79
20.52	1.72	110.81
20.53	1.72	110.83
20.54	1.72	110.84
20.55	1.72	110.83
20.56	1.72	110.83
20.57	1.72	110.87
20.58	1.72	110.87
20.59	1.72	110.85
20.60	1.72	110.85
20.61	1.73	110.84
20.62	1.73	110.85
20.63	1.73	110.86
20.64	1.73	110.85
20.65	1.73	110.84
20.66	1.73	110.86
20.67	1.73	110.89
20.68	1.73	110.91
20.69	1.73	110.91
20.70	1.73	110.91
20.71	1.73	110.94
20.72	1.73	110.94
20.73	1.74	110.95
20.74	1.74	110.96
20.75	1.74	110.94
20.76	1.74	110.92
20.77	1.74	110.93
20.78	1.74	110.93
20.79	1.74	110.95
20.80	1.74	110.97
20.81	1.74	110.98
20.82	1.74	110.99
20.83	1.74	111.01
20.84	1.74	111.04
20.85	1.75	111.05
20.86	1.75	111.04
20.87	1.75	111.06
20.88	1.75	111.06
20.89	1.75	111.04
20.90	1.75	111.05
20.91	1.75	111.04
20.92	1.75	111.05
20.93	1.75	111.06
20.94	1.75	111.08
20.95	1.75	111.09
20.96	1.75	111.07
20.97	1.76	111.11
20.98	1.76	111.13
20.99	1.76	111.13
21.00	1.76	111.15
21.01	1.76	111.14
21.02	1.76	111.16
21.03	1.76	111.17
21.04	1.76	111.16
21.05	1.76	111.16
21.06	1.76	111.15
21.07	1.76	111.14
21.08	1.76	111.15
21.09	1.77	111.17
21.10	1.77	111.19
21.11	1.77	111.19
21.12	1.77	111.19
21.13	1.77	111.19
21.14	1.77	111.18
21.15	1.77	111.19
21.16	1.77	111.21
21.17	1.77	111.22
21.18	1.77	111.20
21.19	1.77	111.22
21.20	1.77	111.24
21.21	1.78	111.24
21.22	1.78	111.22
21.23	1.78	111.22
21.24	1.78	111.24
21.25	1.78	111.24
21.26	1.78	111.22
21.27	1.78	111.22
21.28	1.78	111.26
21.29	1.78	111.28
21.30	1.78	111.27
21.31	1.78	111.28
21.32	1.78	111.29
21.33	1.79	111.30
21.34	1.79	111.29
21.35	1.79	111.28
21.36	1.79	111.29
21.37	1.79	111.30
21.38	1.79	111.29
21.39	1.79	111.26
21.40	1.79	111.27
21.41	1.79	111.32
21.42	1.79	111.33
21.43	1.79	111.32
21.44	1.79	111.34
21.45	1.80	111.38
21.46	1.80	111.38
21.47	1.80	111.38
21.48	1.80	111.38
21.49	1.80	111.39
21.50	1.80	111.40
21.51	1.80	111.39
21.52	1.80	111.39
21.53	1.80	111.38
21.54	1.80	111.41
21.55	1.80	111.44
21.56	1.80	111.43
21.57	1.81	111.42
21.58	1.81	111.43
21.59	1.81	111.42
21.60	1.81	111.44
21.61	1.81	111.47
21.62	1.81	111.47
21.63	1.81	111.47
21.64	1.81	111.46
21.65	1.81	111.48
21.66	1.81	111.48
21.67	1.81	111.47
21.68	1.81	111.47
21.69	1.82	111.47
21.70	1.82	111.50
21.71	1.82	111.51
21.72	1.82	111.51
21.73	1.82	111.48
21.74	1.82	111.49
21.75	1.82	111.53
21.76	1.82	111.54
21.77	1.82	111.52
21.78	1.82	111.52
21.79	1.82	111.54
21.80	1.82	111.54
21.81	1.83	111.54
21.82	1.83	111.51
21.83	1.83	111.51
21.84	1.83	111.52
21.85	1.83	111.51
21.86	1.83	111.53
21.87	1.83	111.53
21.88	1.83	111.54
21.89	1.83	111.54
21.90	1.83	111.54
21.91	1.83	111.57
21.92	1.83	111.58
21.93	1.84	111.58
21.94	1.84	111.59
21.95	1.84	111.59
21.96	1.84	111.59
21.97	1.84	111.61
21.98	1.84	111.60
21.99	1.84	111.58
22.00	1.84	111.59
22.01	1.84	111.61
22.02	1.84	111.62
22.03	1.84	111.61
22.04	1.84	111.61
22.05	1.85	111.62
22.06	1.85	111.64
22.07	1.85	111.65
22.08	1.85	111.64
22.09	1.85	111.65
22.10	1.85	111.68
22.11	1.85	111.70
22.12	1.85	111.71
22.13	1.85	111.71
22.14	1.85	111.70
22.15	1.85	111.70
22.16	1.85	111.69
22.17	1.86	111.67
22.18	1.86	111.70
22.19	1.86	111.73
22.20	1.86	111.72
22.21	1.86	111.72
22.22	1.86	111.74
22.23	1.86	111.73
22.24	1.86	111.75
22.25	1.86	111.76
22.26	1.86	111.76
22.27	1.86	111.75
22.28	1.86	111.74
22.29	1.87	111.73
22.30	1.87	111.72
22.31	1.87	111.73
22.32	1.87	111.72
22.33	1.87	111.73
22.34	1.87	111.75
22.35	1.87	111.74
22.36	1.87	111.75
22.37	1.87	111.76
22.38	1.87	111.78
22.39	1.87	111.77
22.40	1.87	111.76
22.41	1.88	111.75
22.42	1.88	111.77
22.43	1.88	111.79
22.44	1.88	111.77
22.45	1.88	111.75
22.46	1.88	111.75
22.47	1.88	111.76
22.48	1.88	111.78
22.49	1.88	111.77
22.50	1.88	111.77
22.51	1.88	111.77
22.52	1.88	111.78
22.53	1.89	111.79
22.54	1.89	111.81
22.55	1.89	111.81
22.56	1.89	111.82
22.57	1.89	111.84
22.58	1.89	111.82
22.59	1.89	111.81
22.60	1.89	111.82
22.61	1.89	111.83
22.62	1.89	111.81
22.63	1.89	111.82
22.64	1.89	111.83
22.65	1.90	111.84
22.66	1.90	111.85
22.67	1.90	111.86
22.68	1.90	111.88
22.69	1.90	111.90
22.70	1.90	111.90
22.71	1.90	111.90
22.72	1.90	111.90
22.73	1.90	111.91
22.74	1.90	111.92
22.75	1.90	111.91
22.76	1.90	111.89
22.77	1.91	111.90
22.78	1.91	111.92
22.79	1.91	111.92
22.80	1.91	111.91
22.81	1.91	111.90
22.82	1.91	111.91
22.83	1.91	111.93
22.84	1.91	111.95
22.85	1.91	111.97
22.86	1.91	111.96
22.87	1.91	111.95
22.88	1.91	111.97
22.89	1.92	111.97
22.90	1.92	111.95
22.91	1.92	111.96
22.92	1.92	111.97
22.93	1.92	111.96
22.94	1.92	111.96
22.95	1.92	111.96
22.96	1.92	111.97
22.97	1.92	111.97
22.98	1.92	111.97
22.99	1.92	111.99
23.00	1.92	112.00
23.01	1.93	112.00
23.02	1.93	112.00
23.03	1.93	111.99
23.04	1.93	111.96
23.05	1.93	111.96
23.06	1.93	111.98
23.07	1.93	111.98
23.08	1.93	111.97
23.09	1.93	111.98
23.10	1.93	111.98
23.11	1.93	111.99
23.12	1.93	112.00
23.13	1.94	112.03
23.14	1.94	112.05
23.15	1.94	112.05
23.16	1.94	112.07
23.17	1.94	112.07
23.18	1.94	112.07
23.19	1.94	112.10
23.20	1.94	112.10
23.21	1.94	112.09
23.22	1.94	112.08
23.23	1.94	112.09
23.24	1.94	112.07
23.25	1.95	112.08
23.26	1.95	112.07
23.27	1.95	112.08
23.28	1.95	112.13
23.29	1.95	112.12
23.30	1.95	112.13
23.31	1.95	112.15
23.32	1.95	112.14
23.33	1.95	112.15
23.34	1.95	112.16
23.35	1.95	112.16
23.36	1.95	112.14
23.37	1.96	112.15
23.38	1.96	112.16
23.39	1.96	112.14
23.40	1.96	112.15
23.41	1.96	112.17
23.42	1.96	112.17
23.43	1.96	112.18
23.44	1.96	112.19
23.45	1.96	112.20
23.46	1.96	112.22
23.47	1.96	112.21
23.48	1.96	112.20
23.49	1.97	112.22
23.50	1.97	112.23
23.51	1.97	112.23
23.52	1.97	112.22
23.53	1.97	112.22
23.54	1.97	112.22
23.55	1.97	112.21
23.56	1.97	112.22
23.57	1.97	112.21
23.58	1.97	112.20
23.59	1.97	112.21
23.60	1.97	112.21
23.61	1.98	112.23
23.62	1.98	112.25
23.63	1.98	112.25
23.64	1.98	112.26
23.65	1.98	112.28
23.66	1.98	112.27
23.67	1.98	112.27
23.68	1.98	112.26
23.69	1.98	112.25
23.70	1.98	112.24
23.71	1.98	112.24
23.72	1.98	112.27
23.73	1.99	112.27
23.74	1.99	112.29
23.75	1.99	112.29
23.76	1.99	112.29
23.77	1.99	112.31
23.78	1.99	112.33
23.79	1.99	112.32
23.80	1.99	112.33
23.81	1.99	112.32
23.82	1.99	112.33
23.83	1.99	112.33
23.84	1.99	112.33
23.85	2.00	112.34
23.86	2.00	112.32
23.87	2.00	112.32
23.88	2.00	112.32
23.89	2.00	112.34
23.90	2.00	112.34
23.91	2.00	112.35
23.92	2.00	112.36
23.93	2.00	112.37
23.94	2.00	112.37
23.95	2.00	112.38
23.96	2.00	112.41
23.97	2.01	112.42
23.98	2.01	112.38
23.99	2.01	112.39
24.00	2.01	112.40
24.01	2.01	112.38
24.02	2.01	112.40
24.03	2.01	112.40
24.04	2.01	112.41
24.05	2.01	112.42
24.06	2.01	112.41
24.07	2.01	112.40
24.08	2.01	112.40
24.09	2.02	112.43
24.10	2.02	112.43
24.11	2.02	112.41
24.12	2.02	112.41
24.13	2.02	112.40
24.14	2.02	112.40
24.15	2.02	112.39
24.16	2.02	112.38
24.17	2.02	112.38
24.18	2.02	112.37
24.19	2.02	112.41
24.20	2.02	112.41
24.21	2.03	112.41
24.22	2.03	112.41
24.23	2.03	112.41
24.24	2.03	112.42
24.25	2.03	112.42
24.26	2.03	112.43
24.27	2.03	112.44
24.28	2.03	112.44
24.29	2.03	112.46
24.30	2.03	112.46
24.31	2.03	112.43
24.32	2.03	112.42
24.33	2.04	112.42
24.34	2.04	112.43
24.35	2.04	112.43
24.36	2.04	112.44
24.37	2.04	112.44
24.38	2.04	112.46
24.39	2.04	112.48
24.40	2.04	112.46
24.41	2.04	112.48
24.42	2.04	112.48
24.43	2.04	112.45
24.44	2.04	112.45
24.45	2.05	112.45
24.46	2.05	112.46
24.47	2.05	112.46
24.48	2.05	112.46
24.49	2.05	112.45
24.50	2.05	112.45
24.51	2.05	112.45
24.52	2.05	112.45
24.53	2.05	112.44
24.54	2.05	112.43
24.55	2.05	112.44
24.56	2.05	112.44
24.57	2.06	112.42
24.58	2.06	112.40
24.59	2.06	112.39
24.60	2.06	112.37
24.61	2.06	112.34
24.62	2.06	112.32
24.63	2.06	112.29
24.64	2.06	112.25
24.65	2.06	112.22
24.66	2.06	112.19
24.67	2.06	112.14
24.68	2.06	110.88
24.69	2.07	54.83
