0.01	0.01	0.48
0.02	0.01	0.52
0.03	0.01	0.56
0.04	0.01	0.57
0.05	0.01	0.59
0.06	0.01	0.58
0.07	0.01	0.60
0.08	0.02	0.64
0.09	0.02	0.63
0.10	0.02	0.64
0.11	0.02	0.66
0.12	0.02	0.67
0.13	0.02	0.66
0.14	0.02	0.66
0.15	0.02	0.67
0.16	0.02	0.69
0.17	0.02	0.70
0.18	0.02	0.67
0.19	0.02	0.67
0.20	0.03	0.70
0.21	0.03	0.71
0.22	0.03	0.71
0.23	0.03	0.73
0.24	0.03	0.73
0.25	0.03	0.70
0.26	0.03	0.73
0.27	0.03	0.75
0.28	0.03	0.72
0.29	0.03	0.73
0.30	0.03	0.76
0.31	0.03	0.75
0.32	0.04	0.73
0.33	0.04	0.73
0.34	0.04	0.76
0.35	0.04	0.77
0.36	0.04	0.77
0.37	0.04	0.75
0.38	0.04	0.76
0.39	0.04	0.77
0.40	0.04	0.76
0.41	0.04	0.77
0.42	0.04	0.78
0.43	0.04	0.78
0.44	0.05	0.79
0.45	0.05	0.78
0.46	0.05	0.79
0.47	0.05	0.81
0.48	0.05	0.79
0.49	0.05	0.78
0.50	0.05	0.79
0.51	0.05	0.80
0.52	0.05	0.82
0.53	0.05	0.82
0.54	0.05	0.81
0.55	0.05	0.80
0.56	0.06	0.79
0.57	0.06	0.80
0.58	0.06	0.82
0.59	0.06	0.83
0.60	0.06	0.83
0.61	0.06	0.82
0.62	0.06	0.83
0.63	0.06	0.83
0.64	0.06	0.83
0.65	0.06	0.82
0.66	0.06	0.80
0.67	0.06	0.81
0.68	0.07	0.80
0.69	0.07	0.78
0.70	0.07	0.77
0.71	0.07	0.76
0.72	0.07	0.75
0.73	0.07	0.77
0.74	0.07	0.78
0.75	0.07	0.78
0.76	0.07	0.79
0.77	0.07	0.78
0.78	0.07	0.76
0.79	0.07	0.77
0.80	0.08	0.77
0.81	0.08	0.78
0.82	0.08	0.77
0.83	0.08	0.76
0.84	0.08	0.78
0.85	0.08	0.76
0.86	0.08	0.76
0.87	0.08	0.76
0.88	0.08	0.74
0.89	0.08	0.74
0.90	0.08	0.76
0.91	0.08	0.75
0.92	0.09	0.72
0.93	0.09	0.72
0.94	0.09	0.73
0.95	0.09	0.73
0.96	0.09	0.74
0.97	0.09	0.73
0.98	0.09	0.73
0.99	0.09	0.72
1.00	0.09	0.73
1.01	0.09	0.73
1.02	0.09	0.73
1.03	0.09	0.74
1.04	0.10	0.72
1.05	0.10	0.71
1.06	0.10	0.73
1.07	0.10	0.73
1.08	0.10	0.72
1.09	0.10	0.73
1.10	0.10	0.74
1.11	0.10	0.73
1.12	0.10	0.72
1.13	0.10	0.71
1.14	0.10	0.71
1.15	0.10	0.74
1.16	0.11	0.73
1.17	0.11	0.74
1.18	0.11	0.72
1.19	0.11	0.72
1.20	0.11	0.73
1.21	0.11	0.71
1.22	0.11	0.74
1.23	0.11	0.75
1.24	0.11	0.74
1.25	0.11	0.74
1.26	0.11	0.73
1.27	0.11	0.71
1.28	0.12	0.69
1.29	0.12	0.71
1.30	0.12	0.72
1.31	0.12	0.70
1.32	0.12	0.70
1.33	0.12	0.70
1.34	0.12	0.71
1.35	0.12	0.74
1.36	0.12	0.73
1.37	0.12	0.71
1.38	0.12	0.74
1.39	0.12	0.73
1.40	0.13	0.72
1.41	0.13	0.72
1.42	0.13	0.75
1.43	0.13	0.72
1.44	0.13	0.71
1.45	0.13	0.75
1.46	0.13	0.74
1.47	0.13	0.76
1.48	0.13	0.77
1.49	0.13	0.77
1.50	0.13	0.74
1.51	0.13	0.75
1.52	0.14	0.75
1.53	0.14	0.74
1.54	0.14	0.76
1.55	0.14	0.74
1.56	0.14	0.74
1.57	0.14	0.75
1.58	0.14	0.74
1.59	0.14	0.72
1.60	0.14	0.75
1.61	0.14	0.74
1.62	0.14	0.73
1.63	0.14	0.81
1.64	0.15	0.76
1.65	0.15	0.72
1.66	0.15	0.75
1.67	0.15	0.75
1.68	0.15	0.75
1.69	0.15	0.76
1.70	0.15	0.75
1.71	0.15	0.74
1.72	0.15	0.74
1.73	0.15	0.73
1.74	0.15	0.71
1.75	0.15	0.72
1.76	0.16	0.74
1.77	0.16	0.73
1.78	0.16	0.72
1.79	0.16	0.72
1.80	0.16	0.73
1.81	0.16	0.73
1.82	0.16	0.72
1.83	0.16	0.76
1.84	0.16	0.73
1.85	0.16	0.71
1.86	0.16	0.74
1.87	0.16	0.74
1.88	0.17	0.75
1.89	0.17	0.73
1.90	0.17	0.75
1.91	0.17	0.74
1.92	0.17	0.71
1.93	0.17	0.72
1.94	0.17	0.72
1.95	0.17	0.71
1.96	0.17	0.72
1.97	0.17	0.73
1.98	0.17	0.71
1.99	0.17	0.70
2.00	0.18	0.69
2.01	0.18	0.70
2.02	0.18	0.72
2.03	0.18	0.73
2.04	0.18	0.71
2.05	0.18	0.70
2.06	0.18	0.71
2.07	0.18	0.68
2.08	0.18	0.69
2.09	0.18	0.72
2.10	0.18	0.70
2.11	0.18	0.71
2.12	0.19	0.71
2.13	0.19	0.70
2.14	0.19	0.72
2.15	0.19	0.72
2.16	0.19	0.72
2.17	0.19	0.71
2.18	0.19	0.71
2.19	0.19	0.70
2.20	0.19	0.71
2.21	0.19	0.71
2.22	0.19	0.71
2.23	0.19	0.71
2.24	0.20	0.70
2.25	0.20	0.72
2.26	0.20	0.72
2.27	0.20	0.72
2.28	0.20	0.73
2.29	0.20	0.73
2.30	0.20	0.73
2.31	0.20	0.73
2.32	0.20	0.74
2.33	0.20	0.74
2.34	0.20	0.75
2.35	0.20	0.77
2.36	0.21	0.76
2.37	0.21	0.79
2.38	0.21	0.79
2.39	0.21	0.80
2.40	0.21	0.80
2.41	0.21	0.82
2.42	0.21	0.86
2.43	0.21	0.85
2.44	0.21	0.86
2.45	0.21	0.87
2.46	0.21	0.86
2.47	0.21	0.88
2.48	0.22	0.91
2.49	0.22	0.91
2.50	0.22	0.93
2.51	0.22	0.94
2.52	0.22	0.94
2.53	0.22	0.94
2.54	0.22	0.96
2.55	0.22	0.97
2.56	0.22	0.97
2.57	0.22	1.00
2.58	0.22	1.03
2.59	0.22	1.00
2.60	0.23	1.01
2.61	0.23	1.03
2.62	0.23	1.04
2.63	0.23	1.05
2.64	0.23	1.06
2.65	0.23	1.08
2.66	0.23	1.08
2.67	0.23	1.08
2.68	0.23	1.10
2.69	0.23	1.11
2.70	0.23	1.11
2.71	0.23	1.12
2.72	0.24	1.14
2.73	0.24	1.16
2.74	0.24	1.16
2.75	0.24	1.17
2.76	0.24	1.18
2.77	0.24	1.19
2.78	0.24	1.19
2.79	0.24	1.21
2.80	0.24	1.22
2.81	0.24	1.22
2.82	0.24	1.24
2.83	0.24	1.26
2.84	0.25	1.26
2.85	0.25	1.26
2.86	0.25	1.27
2.87	0.25	1.29
2.88	0.25	1.29
2.89	0.25	1.32
2.90	0.25	1.32
2.91	0.25	1.32
2.92	0.25	1.34
2.93	0.25	1.36
2.94	0.25	1.38
2.95	0.25	1.41
2.96	0.26	1.41
2.97	0.26	1.40
2.98	0.26	1.41
2.99	0.26	1.42
3.00	0.26	1.45
3.01	0.26	1.47
3.02	0.26	1.47
3.03	0.26	1.50
3.04	0.26	1.53
3.05	0.26	1.52
3.06	0.26	1.54
3.07	0.26	1.56
3.08	0.27	1.56
3.09	0.27	1.58
3.10	0.27	1.62
3.11	0.27	1.63
3.12	0.27	1.62
3.13	0.27	1.65
3.14	0.27	1.67
3.15	0.27	1.67
3.16	0.27	1.66
3.17	0.27	1.66
3.18	0.27	1.65
3.19	0.27	1.65
3.20	0.28	1.66
3.21	0.28	1.66
3.22	0.28	1.65
3.23	0.28	1.63
3.24	0.28	1.63
3.25	0.28	1.64
3.26	0.28	1.63
3.27	0.28	1.62
3.28	0.28	1.62
3.29	0.28	1.63
3.30	0.28	1.61
3.31	0.28	1.63
3.32	0.29	1.63
3.33	0.29	1.62
3.34	0.29	1.63
3.35	0.29	1.66
3.36	0.29	1.65
3.37	0.29	1.67
3.38	0.29	1.72
3.39	0.29	1.73
3.40	0.29	1.73
3.41	0.29	1.74
3.42	0.29	1.77
3.43	0.29	1.78
3.44	0.30	1.78
3.45	0.30	1.80
3.46	0.30	1.81
3.47	0.30	1.83
3.48	0.30	1.85
3.49	0.30	1.85
3.50	0.30	1.86
3.51	0.30	1.88
3.52	0.30	1.90
3.53	0.30	1.91
3.54	0.30	1.92
3.55	0.30	1.95
3.56	0.31	1.96
3.57	0.31	1.98
3.58	0.31	1.97
3.59	0.31	1.98
3.60	0.31	1.99
3.61	0.31	2.00
3.62	0.31	2.03
3.63	0.31	2.05
3.64	0.31	2.05
3.65	0.31	2.05
3.66	0.31	2.08
3.67	0.31	2.10
3.68	0.32	2.11
3.69	0.32	2.14
3.70	0.32	2.15
3.71	0.32	2.18
3.72	0.32	2.20
3.73	0.32	2.22
3.74	0.32	2.26
3.75	0.32	2.30
3.76	0.32	2.32
3.77	0.32	2.33
3.78	0.32	2.37
3.79	0.32	2.37
3.80	0.33	2.39
3.81	0.33	2.42
3.82	0.33	2.46
3.83	0.33	2.53
3.84	0.33	2.55
3.85	0.33	2.56
3.86	0.33	2.58
3.87	0.33	2.61
3.88	0.33	2.63
3.89	0.33	2.66
3.90	0.33	2.71
3.91	0.33	2.72
3.92	0.34	2.75
3.93	0.34	2.79
3.94	0.34	2.83
3.95	0.34	2.85
3.96	0.34	2.87
3.97	0.34	2.90
3.98	0.34	2.93
3.99	0.34	2.99
4.00	0.34	3.02
4.01	0.34	3.04
4.02	0.34	3.06
4.03	0.34	3.11
4.04	0.35	3.17
4.05	0.35	3.21
4.06	0.35	3.24
4.07	0.35	3.26
4.08	0.35	3.30
4.09	0.35	3.33
4.10	0.35	3.37
4.11	0.35	3.40
4.12	0.35	3.42
4.13	0.35	3.47
4.14	0.35	3.49
4.15	0.35	3.55
4.16	0.36	3.62
4.17	0.36	3.64
4.18	0.36	3.67
4.19	0.36	3.70
4.20	0.36	3.73
4.21	0.36	3.79
4.22	0.36	3.84
4.23	0.36	3.87
4.24	0.36	3.91
4.25	0.36	3.95
4.26	0.36	3.97
4.27	0.36	4.02
4.28	0.37	4.05
4.29	0.37	4.08
4.30	0.37	4.11
4.31	0.37	4.11
4.32	0.37	4.13
4.33	0.37	4.17
4.34	0.37	4.16
4.35	0.37	4.18
4.36	0.37	4.21
4.37	0.37	4.22
4.38	0.37	4.24
4.39	0.37	4.25
4.40	0.38	4.27
4.41	0.38	4.31
4.42	0.38	4.37
4.43	0.38	4.41
4.44	0.38	4.44
4.45	0.38	4.47
4.46	0.38	4.50
4.47	0.38	4.54
4.48	0.38	4.56
4.49	0.38	4.60
4.50	0.38	4.63
4.51	0.38	4.67
4.52	0.39	4.72
4.53	0.39	4.74
4.54	0.39	4.77
4.55	0.39	4.81
4.56	0.39	4.83
4.57	0.39	4.84
4.58	0.39	4.86
4.59	0.39	4.91
4.60	0.39	4.93
4.61	0.39	4.94
4.62	0.39	4.96
4.63	0.39	5.01
4.64	0.40	5.06
4.65	0.40	5.07
4.66	0.40	5.11
4.67	0.40	5.14
4.68	0.40	5.16
4.69	0.40	5.19
4.70	0.40	5.20
4.71	0.40	5.21
4.72	0.40	5.24
4.73	0.40	5.23
4.74	0.40	5.22
4.75	0.40	5.23
4.76	0.41	5.22
4.77	0.41	5.21
4.78	0.41	5.21
4.79	0.41	5.22
4.80	0.41	5.24
4.81	0.41	5.27
4.82	0.41	5.34
4.83	0.41	5.36
4.84	0.41	5.41
4.85	0.41	5.46
4.86	0.41	5.50
4.87	0.41	5.54
4.88	0.42	5.56
4.89	0.42	5.59
4.90	0.42	5.62
4.91	0.42	5.64
4.92	0.42	5.67
4.93	0.42	5.68
4.94	0.42	5.71
4.95	0.42	5.73
4.96	0.42	5.75
4.97	0.42	5.75
4.98	0.42	5.75
4.99	0.42	5.78
5.00	0.43	5.82
5.01	0.43	5.83
5.02	0.43	5.87
5.03	0.43	5.90
5.04	0.43	5.95
5.05	0.43	5.98
5.06	0.43	5.99
5.07	0.43	6.02
5.08	0.43	6.00
5.09	0.43	6.00
5.10	0.43	6.01
5.11	0.43	6.02
5.12	0.44	6.07
5.13	0.44	6.10
5.14	0.44	6.15
5.15	0.44	6.20
5.16	0.44	6.26
5.17	0.44	6.31
5.18	0.44	6.34
5.19	0.44	6.36
5.20	0.44	6.34
5.21	0.44	6.35
5.22	0.44	6.38
5.23	0.44	6.40
5.24	0.45	6.42
5.25	0.45	6.47
5.26	0.45	6.55
5.27	0.45	6.66
5.28	0.45	6.72
5.29	0.45	6.78
5.30	0.45	6.84
5.31	0.45	6.85
5.32	0.45	6.87
5.33	0.45	6.90
5.34	0.45	6.95
5.35	0.45	7.00
5.36	0.46	7.07
5.37	0.46	7.16
5.38	0.46	7.21
5.39	0.46	7.24
5.40	0.46	7.29
5.41	0.46	7.35
5.42	0.46	7.37
5.43	0.46	7.39
5.44	0.46	7.48
5.45	0.46	7.54
5.46	0.46	7.57
5.47	0.46	7.63
5.48	0.47	7.69
5.49	0.47	7.75
5.50	0.47	7.80
5.51	0.47	7.87
5.52	0.47	7.94
5.53	0.47	8.00
5.54	0.47	8.04
5.55	0.47	8.09
5.56	0.47	8.15
5.57	0.47	8.18
5.58	0.47	8.21
5.59	0.47	8.25
5.60	0.48	8.29
5.61	0.48	8.35
5.62	0.48	8.41
5.63	0.48	8.48
5.64	0.48	8.55
5.65	0.48	8.60
5.66	0.48	8.65
5.67	0.48	8.71
5.68	0.48	8.78
5.69	0.48	8.83
5.70	0.48	8.87
5.71	0.48	8.93
5.72	0.49	8.97
5.73	0.49	9.02
5.74	0.49	9.10
5.75	0.49	9.18
5.76	0.49	9.27
5.77	0.49	9.32
5.78	0.49	9.38
5.79	0.49	9.48
5.80	0.49	9.55
5.81	0.49	9.60
5.82	0.49	9.67
5.83	0.49	9.73
5.84	0.50	9.76
5.85	0.50	9.83
5.86	0.50	9.92
5.87	0.50	9.99
5.88	0.50	10.07
5.89	0.50	10.14
5.90	0.50	10.21
5.91	0.50	10.25
5.92	0.50	10.31
5.93	0.50	10.35
5.94	0.50	10.39
5.95	0.50	10.46
5.96	0.51	10.53
5.97	0.51	10.60
5.98	0.51	10.62
5.99	0.51	10.65
6.00	0.51	10.69
6.01	0.51	10.72
6.02	0.51	10.74
6.03	0.51	10.78
6.04	0.51	10.87
6.05	0.51	10.97
6.06	0.51	11.09
6.07	0.51	11.17
6.08	0.52	11.20
6.09	0.52	11.19
6.10	0.52	11.17
6.11	0.52	11.22
6.12	0.52	11.34
6.13	0.52	11.50
6.14	0.52	11.65
6.15	0.52	11.75
6.16	0.52	11.72
6.17	0.52	11.61
6.18	0.52	11.60
6.19	0.52	11.71
6.20	0.53	11.89
6.21	0.53	12.05
6.22	0.53	12.17
6.23	0.53	12.18
6.24	0.53	12.10
6.25	0.53	12.16
6.26	0.53	12.32
6.27	0.53	12.43
6.28	0.53	12.49
6.29	0.53	12.45
6.30	0.53	12.37
6.31	0.53	12.43
6.32	0.54	12.60
6.33	0.54	12.63
6.34	0.54	12.56
6.35	0.54	12.53
6.36	0.54	12.63
6.37	0.54	12.72
6.38	0.54	12.63
6.39	0.54	12.58
6.40	0.54	12.68
6.41	0.54	12.78
6.42	0.54	12.74
6.43	0.54	12.69
6.44	0.55	12.76
6.45	0.55	12.82
6.46	0.55	12.84
6.47	0.55	12.87
6.48	0.55	12.90
6.49	0.55	12.90
6.50	0.55	12.90
6.51	0.55	12.94
6.52	0.55	12.96
6.53	0.55	12.97
6.54	0.55	12.99
6.55	0.55	13.03
6.56	0.56	13.01
6.57	0.56	13.00
6.58	0.56	13.06
6.59	0.56	13.10
6.60	0.56	13.10
6.61	0.56	13.10
6.62	0.56	13.13
6.63	0.56	13.14
6.64	0.56	13.14
6.65	0.56	13.14
6.66	0.56	13.12
6.67	0.56	13.14
6.68	0.57	13.16
6.69	0.57	13.16
6.70	0.57	13.19
6.71	0.57	13.20
6.72	0.57	13.17
6.73	0.57	13.16
6.74	0.57	13.18
6.75	0.57	13.18
6.76	0.57	13.19
6.77	0.57	13.20
6.78	0.57	13.21
6.79	0.57	13.22
6.80	0.58	13.22
6.81	0.58	13.24
6.82	0.58	13.25
6.83	0.58	13.24
6.84	0.58	13.24
6.85	0.58	13.23
6.86	0.58	13.24
6.87	0.58	13.25
6.88	0.58	13.28
6.89	0.58	13.28
6.90	0.58	13.27
6.91	0.58	13.31
6.92	0.59	13.29
6.93	0.59	13.28
6.94	0.59	13.28
6.95	0.59	13.30
6.96	0.59	13.33
6.97	0.59	13.32
6.98	0.59	13.31
6.99	0.59	13.29
7.00	0.59	13.31
7.01	0.59	13.38
7.02	0.59	13.42
7.03	0.59	13.49
7.04	0.60	13.56
7.05	0.60	13.62
7.06	0.60	13.69
7.07	0.60	13.80
7.08	0.60	13.90
7.09	0.60	13.97
7.10	0.60	14.07
7.11	0.60	14.16
7.12	0.60	14.24
7.13	0.60	14.31
7.14	0.60	14.38
7.15	0.60	14.46
7.16	0.61	14.51
7.17	0.61	14.57
7.18	0.61	14.64
7.19	0.61	14.72
7.20	0.61	14.78
7.21	0.61	14.83
7.22	0.61	14.91
7.23	0.61	14.96
7.24	0.61	14.99
7.25	0.61	15.02
7.26	0.61	15.08
7.27	0.61	15.12
7.28	0.62	15.12
7.29	0.62	15.14
7.30	0.62	15.17
7.31	0.62	15.21
7.32	0.62	15.25
7.33	0.62	15.27
7.34	0.62	15.26
7.35	0.62	15.27
7.36	0.62	15.30
7.37	0.62	15.33
7.38	0.62	15.34
7.39	0.62	15.35
7.40	0.63	15.34
7.41	0.63	15.33
7.42	0.63	15.37
7.43	0.63	15.37
7.44	0.63	15.36
7.45	0.63	15.37
7.46	0.63	15.33
7.47	0.63	15.34
7.48	0.63	15.36
7.49	0.63	15.36
7.50	0.63	15.37
7.51	0.63	15.36
7.52	0.64	15.39
7.53	0.64	15.38
7.54	0.64	15.37
7.55	0.64	15.39
7.56	0.64	15.40
7.57	0.64	15.39
7.58	0.64	15.40
7.59	0.64	15.39
7.60	0.64	15.40
7.61	0.64	15.40
7.62	0.64	15.39
7.63	0.64	15.41
7.64	0.65	15.38
7.65	0.65	15.35
7.66	0.65	15.38
7.67	0.65	15.40
7.68	0.65	15.39
7.69	0.65	15.38
7.70	0.65	15.38
7.71	0.65	15.38
7.72	0.65	15.38
7.73	0.65	15.42
7.74	0.65	15.43
7.75	0.65	15.41
7.76	0.66	15.41
7.77	0.66	15.39
7.78	0.66	15.39
7.79	0.66	15.40
7.80	0.66	15.38
7.81	0.66	15.39
7.82	0.66	15.39
7.83	0.66	15.40
7.84	0.66	15.38
7.85	0.66	15.38
7.86	0.66	15.38
7.87	0.66	15.38
7.88	0.67	15.39
7.89	0.67	15.37
7.90	0.67	15.34
7.91	0.67	15.34
7.92	0.67	15.33
7.93	0.67	15.30
7.94	0.67	15.29
7.95	0.67	15.31
7.96	0.67	15.33
7.97	0.67	15.32
7.98	0.67	15.31
7.99	0.67	15.30
8.00	0.68	15.33
8.01	0.68	15.34
8.02	0.68	15.30
8.03	0.68	15.29
8.04	0.68	15.29
8.05	0.68	15.28
8.06	0.68	15.27
8.07	0.68	15.24
8.08	0.68	15.25
8.09	0.68	15.26
8.10	0.68	15.27
8.11	0.68	15.29
8.12	0.69	15.30
8.13	0.69	15.31
8.14	0.69	15.32
8.15	0.69	15.29
8.16	0.69	15.27
8.17	0.69	15.24
8.18	0.69	15.21
8.19	0.69	15.24
8.20	0.69	15.27
8.21	0.69	15.23
8.22	0.69	15.25
8.23	0.69	15.26
8.24	0.70	15.22
8.25	0.70	15.25
8.26	0.70	15.28
8.27	0.70	15.27
8.28	0.70	15.27
8.29	0.70	15.28
8.30	0.70	15.25
8.31	0.70	15.24
8.32	0.70	15.26
8.33	0.70	15.23
8.34	0.70	15.25
8.35	0.70	15.28
8.36	0.71	15.26
8.37	0.71	15.28
8.38	0.71	15.29
8.39	0.71	15.28
8.40	0.71	15.31
8.41	0.71	15.32
8.42	0.71	15.27
8.43	0.71	15.28
8.44	0.71	15.29
8.45	0.71	15.28
8.46	0.71	15.32
8.47	0.71	15.32
8.48	0.72	15.29
8.49	0.72	15.31
8.50	0.72	15.34
8.51	0.72	15.32
8.52	0.72	15.32
8.53	0.72	15.30
8.54	0.72	15.28
8.55	0.72	15.29
8.56	0.72	15.28
8.57	0.72	15.28
8.58	0.72	15.27
8.59	0.72	15.28
8.60	0.73	15.27
8.61	0.73	15.26
8.62	0.73	15.27
8.63	0.73	15.28
8.64	0.73	15.28
8.65	0.73	15.28
8.66	0.73	15.28
8.67	0.73	15.27
8.68	0.73	15.27
8.69	0.73	15.27
8.70	0.73	15.26
8.71	0.73	15.27
8.72	0.74	15.30
8.73	0.74	15.28
8.74	0.74	15.24
8.75	0.74	15.26
8.76	0.74	15.27
8.77	0.74	15.24
8.78	0.74	15.26
8.79	0.74	15.24
8.80	0.74	15.23
8.81	0.74	15.27
8.82	0.74	15.22
8.83	0.74	15.20
8.84	0.75	15.24
8.85	0.75	15.22
8.86	0.75	15.20
8.87	0.75	15.23
8.88	0.75	15.22
8.89	0.75	15.22
8.90	0.75	15.23
8.91	0.75	15.20
8.92	0.75	15.21
8.93	0.75	15.24
8.94	0.75	15.20
8.95	0.75	15.22
8.96	0.76	15.20
8.97	0.76	15.18
8.98	0.76	15.23
8.99	0.76	15.23
9.00	0.76	15.22
9.01	0.76	15.23
9.02	0.76	15.24
9.03	0.76	15.22
9.04	0.76	15.23
9.05	0.76	15.22
9.06	0.76	15.20
9.07	0.76	15.21
9.08	0.77	15.21
9.09	0.77	15.19
9.10	0.77	15.22
9.11	0.77	15.23
9.12	0.77	15.20
9.13	0.77	15.22
9.14	0.77	15.22
9.15	0.77	15.21
9.16	0.77	15.24
9.17	0.77	15.23
9.18	0.77	15.18
9.19	0.77	15.20
9.20	0.78	15.20
9.21	0.78	15.17
9.22	0.78	15.21
9.23	0.78	15.21
9.24	0.78	15.15
9.25	0.78	15.22
9.26	0.78	15.23
9.27	0.78	15.19
9.28	0.78	15.24
9.29	0.78	15.24
9.30	0.78	15.18
9.31	0.78	15.21
9.32	0.79	15.21
9.33	0.79	15.16
9.34	0.79	15.22
9.35	0.79	15.23
9.36	0.79	15.18
9.37	0.79	15.21
9.38	0.79	15.24
9.39	0.79	15.20
9.40	0.79	15.24
9.41	0.79	15.26
9.42	0.79	15.21
9.43	0.79	15.25
9.44	0.80	15.24
9.45	0.80	15.17
9.46	0.80	15.21
9.47	0.80	15.24
9.48	0.80	15.19
9.49	0.80	15.22
9.50	0.80	15.26
9.51	0.80	15.21
9.52	0.80	15.23
9.53	0.80	15.29
9.54	0.80	15.23
9.55	0.80	15.21
9.56	0.81	15.23
9.57	0.81	15.15
9.58	0.81	15.16
9.59	0.81	15.24
9.60	0.81	15.23
9.61	0.81	15.24
9.62	0.81	15.26
9.63	0.81	15.21
9.64	0.81	15.24
9.65	0.81	15.27
9.66	0.81	15.26
9.67	0.81	15.27
9.68	0.82	15.26
9.69	0.82	15.20
9.70	0.82	15.20
9.71	0.82	15.26
9.72	0.82	15.24
9.73	0.82	15.26
9.74	0.82	15.29
9.75	0.82	15.28
9.76	0.82	15.26
9.77	0.82	15.29
9.78	0.82	15.31
9.79	0.82	15.27
9.80	0.83	15.25
9.81	0.83	15.23
9.82	0.83	15.20
9.83	0.83	15.21
9.84	0.83	15.23
9.85	0.83	15.22
9.86	0.83	15.24
9.87	0.83	15.22
9.88	0.83	15.22
9.89	0.83	15.26
9.90	0.83	15.26
9.91	0.83	15.25
9.92	0.84	15.25
9.93	0.84	15.25
9.94	0.84	15.21
9.95	0.84	15.24
9.96	0.84	15.28
9.97	0.84	15.21
9.98	0.84	15.25
9.99	0.84	15.29
10.00	0.84	15.24
10.01	0.84	15.27
10.02	0.84	15.31
10.03	0.84	15.29
10.04	0.85	15.27
10.05	0.85	15.25
10.06	0.85	15.22
10.07	0.85	15.24
10.08	0.85	15.24
10.09	0.85	15.21
10.10	0.85	15.22
10.11	0.85	15.26
10.12	0.85	15.25
10.13	0.85	15.26
10.14	0.85	15.29
10.15	0.85	15.28
10.16	0.86	15.28
10.17	0.86	15.30
10.18	0.86	15.28
10.19	0.86	15.27
10.20	0.86	15.27
10.21	0.86	15.27
10.22	0.86	15.27
10.23	0.86	15.30
10.24	0.86	15.29
10.25	0.86	15.28
10.26	0.86	15.32
10.27	0.86	15.31
10.28	0.87	15.28
10.29	0.87	15.28
10.30	0.87	15.25
10.31	0.87	15.24
10.32	0.87	15.28
10.33	0.87	15.27
10.34	0.87	15.25
10.35	0.87	15.27
10.36	0.87	15.28
10.37	0.87	15.28
10.38	0.87	15.31
10.39	0.87	15.31
10.40	0.88	15.29
10.41	0.88	15.27
10.42	0.88	15.28
10.43	0.88	15.27
10.44	0.88	15.25
10.45	0.88	15.28
10.46	0.88	15.26
10.47	0.88	15.23
10.48	0.88	15.25
10.49	0.88	15.25
10.50	0.88	15.29
10.51	0.88	15.35
10.52	0.89	15.32
10.53	0.89	15.28
10.54	0.89	15.30
10.55	0.89	15.28
10.56	0.89	15.23
10.57	0.89	15.26
10.58	0.89	15.25
10.59	0.89	15.20
10.60	0.89	15.20
10.61	0.89	15.21
10.62	0.89	15.18
10.63	0.89	15.21
10.64	0.90	15.24
10.65	0.90	15.21
10.66	0.90	15.23
10.67	0.90	15.26
10.68	0.90	15.24
10.69	0.90	15.24
10.70	0.90	15.23
10.71	0.90	15.21
10.72	0.90	15.23
10.73	0.90	15.22
10.74	0.90	15.22
10.75	0.90	15.24
10.76	0.91	15.28
10.77	0.91	15.26
10.78	0.91	15.25
10.79	0.91	15.27
10.80	0.91	15.26
10.81	0.91	15.26
10.82	0.91	15.25
10.83	0.91	15.25
10.84	0.91	15.23
10.85	0.91	15.24
10.86	0.91	15.26
10.87	0.91	15.27
10.88	0.92	15.30
10.89	0.92	15.28
10.90	0.92	15.27
10.91	0.92	15.29
10.92	0.92	15.30
10.93	0.92	15.30
10.94	0.92	15.31
10.95	0.92	15.30
10.96	0.92	15.27
10.97	0.92	15.29
10.98	0.92	15.30
10.99	0.92	15.32
11.00	0.93	15.33
11.01	0.93	15.33
11.02	0.93	15.35
11.03	0.93	15.37
11.04	0.93	15.34
11.05	0.93	15.30
11.06	0.93	15.34
11.07	0.93	15.35
11.08	0.93	15.33
11.09	0.93	15.35
11.10	0.93	15.36
11.11	0.93	15.36
11.12	0.94	15.37
11.13	0.94	15.38
11.14	0.94	15.36
11.15	0.94	15.38
11.16	0.94	15.40
11.17	0.94	15.37
11.18	0.94	15.38
11.19	0.94	15.39
11.20	0.94	15.38
11.21	0.94	15.39
11.22	0.94	15.39
11.23	0.94	15.38
11.24	0.95	15.39
11.25	0.95	15.41
11.26	0.95	15.42
11.27	0.95	15.43
11.28	0.95	15.44
11.29	0.95	15.45
11.30	0.95	15.48
11.31	0.95	15.48
11.32	0.95	15.47
11.33	0.95	15.43
11.34	0.95	15.44
11.35	0.95	15.45
11.36	0.96	15.42
11.37	0.96	15.43
11.38	0.96	15.45
11.39	0.96	15.45
11.40	0.96	15.47
11.41	0.96	15.46
11.42	0.96	15.44
11.43	0.96	15.44
11.44	0.96	15.47
11.45	0.96	15.48
11.46	0.96	15.49
11.47	0.96	15.50
11.48	0.97	15.51
11.49	0.97	15.57
11.50	0.97	15.64
11.51	0.97	15.65
11.52	0.97	15.66
11.53	0.97	15.70
11.54	0.97	15.73
11.55	0.97	15.76
11.56	0.97	15.78
11.57	0.97	15.80
11.58	0.97	15.81
11.59	0.97	15.84
11.60	0.98	15.88
11.61	0.98	15.88
11.62	0.98	15.92
11.63	0.98	15.96
11.64	0.98	15.98
11.65	0.98	15.97
11.66	0.98	15.98
11.67	0.98	16.02
11.68	0.98	16.02
11.69	0.98	16.03
11.70	0.98	16.03
11.71	0.98	16.06
11.72	0.99	16.12
11.73	0.99	16.13
11.74	0.99	16.16
11.75	0.99	16.17
11.76	0.99	16.15
11.77	0.99	16.16
11.78	0.99	16.16
11.79	0.99	16.15
11.80	0.99	16.16
11.81	0.99	16.17
11.82	0.99	16.18
11.83	0.99	16.19
11.84	1.00	16.21
11.85	1.00	16.22
11.86	1.00	16.23
11.87	1.00	16.25
11.88	1.00	16.29
11.89	1.00	16.37
11.90	1.00	16.46
11.91	1.00	16.56
11.92	1.00	16.64
11.93	1.00	16.66
11.94	1.00	16.68
11.95	1.00	16.73
11.96	1.01	16.77
11.97	1.01	16.78
11.98	1.01	16.78
11.99	1.01	16.79
12.00	1.01	16.80
12.01	1.01	16.81
12.02	1.01	16.81
12.03	1.01	16.79
12.04	1.01	16.82
12.05	1.01	16.83
12.06	1.01	16.83
12.07	1.01	16.88
12.08	1.02	16.90
12.09	1.02	16.93
12.10	1.02	16.96
12.11	1.02	16.97
12.12	1.02	16.99
12.13	1.02	17.01
12.14	1.02	17.04
12.15	1.02	17.05
12.16	1.02	17.06
12.17	1.02	17.08
12.18	1.02	17.08
12.19	1.02	17.10
12.20	1.03	17.12
12.21	1.03	17.15
12.22	1.03	17.17
12.23	1.03	17.18
12.24	1.03	17.20
12.25	1.03	17.22
12.26	1.03	17.25
12.27	1.03	17.25
12.28	1.03	17.25
12.29	1.03	17.27
12.30	1.03	17.27
12.31	1.03	17.28
12.32	1.04	17.30
12.33	1.04	17.32
12.34	1.04	17.33
12.35	1.04	17.37
12.36	1.04	17.39
12.37	1.04	17.37
12.38	1.04	17.42
12.39	1.04	17.44
12.40	1.04	17.44
12.41	1.04	17.45
12.42	1.04	17.45
12.43	1.04	17.43
12.44	1.05	17.42
12.45	1.05	17.42
12.46	1.05	17.40
12.47	1.05	17.40
12.48	1.05	17.39
12.49	1.05	17.37
12.50	1.05	17.37
12.51	1.05	17.40
12.52	1.05	17.39
12.53	1.05	17.36
12.54	1.05	17.38
12.55	1.05	17.38
12.56	1.06	17.36
12.57	1.06	17.36
12.58	1.06	17.38
12.59	1.06	17.37
12.60	1.06	17.36
12.61	1.06	17.37
12.62	1.06	17.36
12.63	1.06	17.36
12.64	1.06	17.36
12.65	1.06	17.34
12.66	1.06	17.32
12.67	1.06	17.33
12.68	1.07	17.36
12.69	1.07	17.36
12.70	1.07	17.36
12.71	1.07	17.37
12.72	1.07	17.39
12.73	1.07	17.43
12.74	1.07	17.47
12.75	1.07	17.50
12.76	1.07	17.51
12.77	1.07	17.52
12.78	1.07	17.57
12.79	1.07	17.58
12.80	1.08	17.56
12.81	1.08	17.56
12.82	1.08	17.58
12.83	1.08	17.57
12.84	1.08	17.57
12.85	1.08	17.59
12.86	1.08	17.59
12.87	1.08	17.59
12.88	1.08	17.61
12.89	1.08	17.63
12.90	1.08	17.63
12.91	1.08	17.61
12.92	1.09	17.63
12.93	1.09	17.64
12.94	1.09	17.63
12.95	1.09	17.64
12.96	1.09	17.65
12.97	1.09	17.61
12.98	1.09	17.61
12.99	1.09	17.63
13.00	1.09	17.63
13.01	1.09	17.63
13.02	1.09	17.64
13.03	1.09	17.67
13.04	1.10	17.66
13.05	1.10	17.65
13.06	1.10	17.66
13.07	1.10	17.67
13.08	1.10	17.68
13.09	1.10	17.68
13.10	1.10	17.67
13.11	1.10	17.69
13.12	1.10	17.69
13.13	1.10	17.68
13.14	1.10	17.67
13.15	1.10	17.69
13.16	1.11	17.71
13.17	1.11	17.70
13.18	1.11	17.69
13.19	1.11	17.66
13.20	1.11	17.67
13.21	1.11	17.70
13.22	1.11	17.70
13.23	1.11	17.68
13.24	1.11	17.67
13.25	1.11	17.68
13.26	1.11	17.67
13.27	1.11	17.69
13.28	1.12	17.70
13.29	1.12	17.70
13.30	1.12	17.72
13.31	1.12	17.71
13.32	1.12	17.70
13.33	1.12	17.71
13.34	1.12	17.71
13.35	1.12	17.73
13.36	1.12	17.73
13.37	1.12	17.74
13.38	1.12	17.76
13.39	1.12	17.77
13.40	1.13	17.75
13.41	1.13	17.76
13.42	1.13	17.76
13.43	1.13	17.76
13.44	1.13	17.79
13.45	1.13	17.79
13.46	1.13	17.80
13.47	1.13	17.80
13.48	1.13	17.79
13.49	1.13	17.81
13.50	1.13	17.80
13.51	1.13	17.79
13.52	1.14	17.82
13.53	1.14	17.84
13.54	1.14	17.87
13.55	1.14	17.87
13.56	1.14	17.88
13.57	1.14	17.88
13.58	1.14	17.90
13.59	1.14	17.92
13.60	1.14	17.92
13.61	1.14	17.93
13.62	1.14	17.97
13.63	1.14	17.97
13.64	1.15	17.98
13.65	1.15	17.99
13.66	1.15	17.99
13.67	1.15	18.00
13.68	1.15	18.03
13.69	1.15	18.04
13.70	1.15	18.02
13.71	1.15	18.04
13.72	1.15	18.06
13.73	1.15	18.07
13.74	1.15	18.09
13.75	1.15	18.08
13.76	1.16	18.09
13.77	1.16	18.12
13.78	1.16	18.12
13.79	1.16	18.11
13.80	1.16	18.13
13.81	1.16	18.16
13.82	1.16	18.16
13.83	1.16	18.14
13.84	1.16	18.14
13.85	1.16	18.14
13.86	1.16	18.18
13.87	1.16	18.19
13.88	1.17	18.21
13.89	1.17	18.24
13.90	1.17	18.24
13.91	1.17	18.27
13.92	1.17	18.27
13.93	1.17	18.27
13.94	1.17	18.31
13.95	1.17	18.33
13.96	1.17	18.33
13.97	1.17	18.33
13.98	1.17	18.35
13.99	1.17	18.34
14.00	1.18	18.32
14.01	1.18	18.34
14.02	1.18	18.36
14.03	1.18	18.36
14.04	1.18	18.38
14.05	1.18	18.39
14.06	1.18	18.38
14.07	1.18	18.39
14.08	1.18	18.41
14.09	1.18	18.41
14.10	1.18	18.42
14.11	1.18	18.42
14.12	1.19	18.41
14.13	1.19	18.41
14.14	1.19	18.43
14.15	1.19	18.43
14.16	1.19	18.41
14.17	1.19	18.45
14.18	1.19	18.46
14.19	1.19	18.44
14.20	1.19	18.45
14.21	1.19	18.46
14.22	1.19	18.48
14.23	1.19	18.50
14.24	1.20	18.50
14.25	1.20	18.51
14.26	1.20	18.52
14.27	1.20	18.51
14.28	1.20	18.49
14.29	1.20	18.48
14.30	1.20	18.49
14.31	1.20	18.49
14.32	1.20	18.49
14.33	1.20	18.51
14.34	1.20	18.49
14.35	1.20	18.49
14.36	1.21	18.50
14.37	1.21	18.52
14.38	1.21	18.54
14.39	1.21	18.56
14.40	1.21	18.60
14.41	1.21	18.61
14.42	1.21	18.67
14.43	1.21	18.71
14.44	1.21	18.71
14.45	1.21	18.75
14.46	1.21	18.76
14.47	1.21	18.74
14.48	1.22	18.74
14.49	1.22	18.78
14.50	1.22	18.85
14.51	1.22	18.88
14.52	1.22	18.89
14.53	1.22	18.89
14.54	1.22	18.91
14.55	1.22	18.94
14.56	1.22	18.97
14.57	1.22	18.99
14.58	1.22	18.99
14.59	1.22	18.99
14.60	1.23	19.00
14.61	1.23	19.01
14.62	1.23	19.01
14.63	1.23	19.02
14.64	1.23	19.04
14.65	1.23	19.07
14.66	1.23	19.09
14.67	1.23	19.12
14.68	1.23	19.15
14.69	1.23	19.17
14.70	1.23	19.21
14.71	1.23	19.26
14.72	1.24	19.33
14.73	1.24	19.45
14.74	1.24	19.58
14.75	1.24	19.65
14.76	1.24	19.70
14.77	1.24	19.75
14.78	1.24	19.78
14.79	1.24	19.85
14.80	1.24	19.93
14.81	1.24	20.01
14.82	1.24	20.09
14.83	1.24	20.11
14.84	1.25	20.17
14.85	1.25	20.22
14.86	1.25	20.26
14.87	1.25	20.32
14.88	1.25	20.40
14.89	1.25	20.43
14.90	1.25	20.45
14.91	1.25	20.54
14.92	1.25	20.65
14.93	1.25	20.75
14.94	1.25	20.85
14.95	1.25	20.94
14.96	1.26	21.05
14.97	1.26	21.14
14.98	1.26	21.23
14.99	1.26	21.36
15.00	1.26	21.47
15.01	1.26	21.54
15.02	1.26	21.63
15.03	1.26	21.73
15.04	1.26	21.81
15.05	1.26	21.89
15.06	1.26	21.96
15.07	1.26	22.04
15.08	1.27	22.13
15.09	1.27	22.25
15.10	1.27	22.38
15.11	1.27	22.51
15.12	1.27	22.67
15.13	1.27	22.82
15.14	1.27	22.95
15.15	1.27	23.11
15.16	1.27	23.26
15.17	1.27	23.41
15.18	1.27	23.61
15.19	1.27	23.76
15.20	1.28	23.91
15.21	1.28	24.05
15.22	1.28	24.18
15.23	1.28	24.33
15.24	1.28	24.50
15.25	1.28	24.57
15.26	1.28	24.60
15.27	1.28	24.74
15.28	1.28	24.92
15.29	1.28	25.06
15.30	1.28	25.19
15.31	1.28	25.33
15.32	1.29	25.49
15.33	1.29	25.65
15.34	1.29	25.79
15.35	1.29	25.94
15.36	1.29	26.10
15.37	1.29	26.24
15.38	1.29	26.41
15.39	1.29	26.58
15.40	1.29	26.70
15.41	1.29	26.83
15.42	1.29	27.00
15.43	1.29	27.17
15.44	1.30	27.30
15.45	1.30	27.45
15.46	1.30	27.64
15.47	1.30	27.82
15.48	1.30	27.99
15.49	1.30	28.16
15.50	1.30	28.34
15.51	1.30	28.53
15.52	1.30	28.69
15.53	1.30	28.85
15.54	1.30	29.02
15.55	1.30	29.16
15.56	1.31	29.34
15.57	1.31	29.52
15.58	1.31	29.67
15.59	1.31	29.80
15.60	1.31	29.98
15.61	1.31	30.18
15.62	1.31	30.34
15.63	1.31	30.49
15.64	1.31	30.67
15.65	1.31	30.84
15.66	1.31	31.00
15.67	1.31	31.18
15.68	1.32	31.36
15.69	1.32	31.54
15.70	1.32	31.68
15.71	1.32	31.84
15.72	1.32	32.02
15.73	1.32	32.18
15.74	1.32	32.35
15.75	1.32	32.51
15.76	1.32	32.68
15.77	1.32	32.84
15.78	1.32	33.04
15.79	1.32	33.22
15.80	1.33	33.36
15.81	1.33	33.55
15.82	1.33	33.74
15.83	1.33	33.93
15.84	1.33	34.10
15.85	1.33	34.28
15.86	1.33	34.46
15.87	1.33	34.61
15.88	1.33	34.78
15.89	1.33	34.96
15.90	1.33	35.13
15.91	1.33	35.31
15.92	1.34	35.47
15.93	1.34	35.65
15.94	1.34	35.83
15.95	1.34	36.02
15.96	1.34	36.20
15.97	1.34	36.37
15.98	1.34	36.55
15.99	1.34	36.71
16.00	1.34	36.90
16.01	1.34	37.09
16.02	1.34	37.24
16.03	1.34	37.40
16.04	1.35	37.58
16.05	1.35	37.77
16.06	1.35	37.94
16.07	1.35	38.11
16.08	1.35	38.29
16.09	1.35	38.48
16.10	1.35	38.67
16.11	1.35	38.85
16.12	1.35	39.02
16.13	1.35	39.19
16.14	1.35	39.36
16.15	1.35	39.53
16.16	1.36	39.73
16.17	1.36	39.91
16.18	1.36	40.06
16.19	1.36	40.24
16.20	1.36	40.42
16.21	1.36	40.59
16.22	1.36	40.77
16.23	1.36	40.97
16.24	1.36	41.13
16.25	1.36	41.30
16.26	1.36	41.50
16.27	1.36	41.67
16.28	1.37	41.85
16.29	1.37	42.04
16.30	1.37	42.22
16.31	1.37	42.38
16.32	1.37	42.57
16.33	1.37	42.77
16.34	1.37	42.92
16.35	1.37	43.08
16.36	1.37	43.26
16.37	1.37	43.44
16.38	1.37	43.64
16.39	1.37	43.81
16.40	1.38	44.01
16.41	1.38	44.18
16.42	1.38	44.33
16.43	1.38	44.52
16.44	1.38	44.71
16.45	1.38	44.88
16.46	1.38	45.03
16.47	1.38	45.20
16.48	1.38	45.38
16.49	1.38	45.54
16.50	1.38	45.71
16.51	1.38	45.88
16.52	1.39	46.06
16.53	1.39	46.23
16.54	1.39	46.38
16.55	1.39	46.57
16.56	1.39	46.75
16.57	1.39	46.90
16.58	1.39	47.06
16.59	1.39	47.24
16.60	1.39	47.43
16.61	1.39	47.59
16.62	1.39	47.74
16.63	1.39	47.91
16.64	1.40	48.09
16.65	1.40	48.25
16.66	1.40	48.42
16.67	1.40	48.58
16.68	1.40	48.74
16.69	1.40	48.91
16.70	1.40	49.06
16.71	1.40	49.24
16.72	1.40	49.43
16.73	1.40	49.61
16.74	1.40	49.79
16.75	1.40	49.93
16.76	1.41	50.10
16.77	1.41	50.29
16.78	1.41	50.44
16.79	1.41	50.60
16.80	1.41	50.75
16.81	1.41	50.90
16.82	1.41	51.07
16.83	1.41	51.24
16.84	1.41	51.43
16.85	1.41	51.59
16.86	1.41	51.77
16.87	1.41	51.95
16.88	1.42	52.13
16.89	1.42	52.28
16.90	1.42	52.44
16.91	1.42	52.60
16.92	1.42	52.78
16.93	1.42	52.97
16.94	1.42	53.13
16.95	1.42	53.27
16.96	1.42	53.40
16.97	1.42	53.57
16.98	1.42	53.75
16.99	1.42	53.94
17.00	1.43	54.10
17.01	1.43	54.26
17.02	1.43	54.44
17.03	1.43	54.62
17.04	1.43	54.78
17.05	1.43	54.91
17.06	1.43	55.08
17.07	1.43	55.28
17.08	1.43	55.45
17.09	1.43	55.60
17.10	1.43	55.73
17.11	1.43	55.91
17.12	1.44	56.08
17.13	1.44	56.20
17.14	1.44	56.36
17.15	1.44	56.52
17.16	1.44	56.69
17.17	1.44	56.87
17.18	1.44	57.03
17.19	1.44	57.19
17.20	1.44	57.35
17.21	1.44	57.50
17.22	1.44	57.67
17.23	1.44	57.83
17.24	1.45	57.96
17.25	1.45	58.12
17.26	1.45	58.26
17.27	1.45	58.40
17.28	1.45	58.58
17.29	1.45	58.75
17.30	1.45	58.90
17.31	1.45	59.06
17.32	1.45	59.19
17.33	1.45	59.35
17.34	1.45	59.50
17.35	1.45	59.64
17.36	1.46	59.79
17.37	1.46	59.91
17.38	1.46	60.02
17.39	1.46	60.17
17.40	1.46	60.30
17.41	1.46	60.38
17.42	1.46	60.49
17.43	1.46	60.61
17.44	1.46	60.73
17.45	1.46	60.88
17.46	1.46	60.99
17.47	1.46	61.09
17.48	1.47	61.23
17.49	1.47	61.34
17.50	1.47	61.44
17.51	1.47	61.56
17.52	1.47	61.71
17.53	1.47	61.82
17.54	1.47	61.93
17.55	1.47	62.06
17.56	1.47	62.16
17.57	1.47	62.27
17.58	1.47	62.39
17.59	1.47	62.48
17.60	1.48	62.60
17.61	1.48	62.72
17.62	1.48	62.84
17.63	1.48	62.97
17.64	1.48	63.10
17.65	1.48	63.21
17.66	1.48	63.32
17.67	1.48	63.44
17.68	1.48	63.57
17.69	1.48	63.67
17.70	1.48	63.78
17.71	1.48	63.88
17.72	1.49	63.98
17.73	1.49	64.09
17.74	1.49	64.21
17.75	1.49	64.33
17.76	1.49	64.43
17.77	1.49	64.57
17.78	1.49	64.68
17.79	1.49	64.78
17.80	1.49	64.91
17.81	1.49	65.03
17.82	1.49	65.14
17.83	1.49	65.26
17.84	1.50	65.39
17.85	1.50	65.49
17.86	1.50	65.59
17.87	1.50	65.68
17.88	1.50	65.78
17.89	1.50	65.90
17.90	1.50	66.04
17.91	1.50	66.16
17.92	1.50	66.26
17.93	1.50	66.39
17.94	1.50	66.50
17.95	1.50	66.63
17.96	1.51	66.74
17.97	1.51	66.84
17.98	1.51	66.94
17.99	1.51	67.05
18.00	1.51	67.18
18.01	1.51	67.31
18.02	1.51	67.39
18.03	1.51	67.49
18.04	1.51	67.61
18.05	1.51	67.73
18.06	1.51	67.85
18.07	1.51	67.95
18.08	1.52	68.06
18.09	1.52	68.18
18.10	1.52	68.31
18.11	1.52	68.43
18.12	1.52	68.54
18.13	1.52	68.65
18.14	1.52	68.78
18.15	1.52	68.90
18.16	1.52	68.98
18.17	1.52	69.10
18.18	1.52	69.22
18.19	1.52	69.32
18.20	1.53	69.45
18.21	1.53	69.56
18.22	1.53	69.63
18.23	1.53	69.74
18.24	1.53	69.86
18.25	1.53	69.99
18.26	1.53	70.11
18.27	1.53	70.19
18.28	1.53	70.31
18.29	1.53	70.44
18.30	1.53	70.54
18.31	1.53	70.64
18.32	1.54	70.75
18.33	1.54	70.84
18.34	1.54	70.95
18.35	1.54	71.08
18.36	1.54	71.20
18.37	1.54	71.30
18.38	1.54	71.39
18.39	1.54	71.51
18.40	1.54	71.64
18.41	1.54	71.75
18.42	1.54	71.86
18.43	1.54	71.97
18.44	1.55	72.07
18.45	1.55	72.18
18.46	1.55	72.29
18.47	1.55	72.40
18.48	1.55	72.52
18.49	1.55	72.64
18.50	1.55	72.73
18.51	1.55	72.82
18.52	1.55	72.91
18.53	1.55	73.02
18.54	1.55	73.15
18.55	1.55	73.26
18.56	1.56	73.39
18.57	1.56	73.52
18.58	1.56	73.61
18.59	1.56	73.72
18.60	1.56	73.84
18.61	1.56	73.95
18.62	1.56	74.04
18.63	1.56	74.14
18.64	1.56	74.25
18.65	1.56	74.37
18.66	1.56	74.48
18.67	1.56	74.57
18.68	1.57	74.69
18.69	1.57	74.82
18.70	1.57	74.92
18.71	1.57	75.01
18.72	1.57	75.14
18.73	1.57	75.26
18.74	1.57	75.37
18.75	1.57	75.48
18.76	1.57	75.59
18.77	1.57	75.71
18.78	1.57	75.73
18.79	1.57	75.70
18.80	1.58	75.74
18.81	1.58	75.83
18.82	1.58	75.94
18.83	1.58	76.06
18.84	1.58	76.19
18.85	1.58	76.31
18.86	1.58	76.41
18.87	1.58	76.54
18.88	1.58	76.63
18.89	1.58	76.72
18.90	1.58	76.86
18.91	1.58	76.96
18.92	1.59	77.08
18.93	1.59	77.18
18.94	1.59	77.28
18.95	1.59	77.39
18.96	1.59	77.50
18.97	1.59	77.60
18.98	1.59	77.67
18.99	1.59	77.77
19.00	1.59	77.91
19.01	1.59	78.02
19.02	1.59	78.11
19.03	1.59	78.24
19.04	1.60	78.34
19.05	1.60	78.43
19.06	1.60	78.55
19.07	1.60	78.66
19.08	1.60	78.76
19.09	1.60	78.86
19.10	1.60	78.97
19.11	1.60	79.07
19.12	1.60	79.17
19.13	1.60	79.30
19.14	1.60	79.40
19.15	1.60	79.50
19.16	1.61	79.62
19.17	1.61	79.74
19.18	1.61	79.86
19.19	1.61	79.97
19.20	1.61	80.06
19.21	1.61	80.17
19.22	1.61	80.27
19.23	1.61	80.39
19.24	1.61	80.52
19.25	1.61	80.61
19.26	1.61	80.71
19.27	1.61	80.82
19.28	1.62	80.93
19.29	1.62	81.05
19.30	1.62	81.16
19.31	1.62	81.26
19.32	1.62	81.35
19.33	1.62	81.45
19.34	1.62	81.56
19.35	1.62	81.70
19.36	1.62	81.81
19.37	1.62	81.90
19.38	1.62	81.99
19.39	1.62	82.08
19.40	1.63	82.23
19.41	1.63	82.33
19.42	1.63	82.41
19.43	1.63	82.51
19.44	1.63	82.63
19.45	1.63	82.74
19.46	1.63	82.85
19.47	1.63	82.94
19.48	1.63	83.02
19.49	1.63	83.13
19.50	1.63	83.24
19.51	1.63	83.35
19.52	1.64	83.47
19.53	1.64	83.58
19.54	1.64	83.68
19.55	1.64	83.77
19.56	1.64	83.87
19.57	1.64	83.99
19.58	1.64	84.08
19.59	1.64	84.17
19.60	1.64	84.25
19.61	1.64	84.36
19.62	1.64	84.50
19.63	1.64	84.61
19.64	1.65	84.72
19.65	1.65	84.83
19.66	1.65	84.94
19.67	1.65	85.05
19.68	1.65	85.16
19.69	1.65	85.23
19.70	1.65	85.33
19.71	1.65	85.47
19.72	1.65	85.58
19.73	1.65	85.68
19.74	1.65	85.78
19.75	1.65	85.89
19.76	1.66	85.99
19.77	1.66	86.09
19.78	1.66	86.21
19.79	1.66	86.29
19.80	1.66	86.42
19.81	1.66	86.54
19.82	1.66	86.62
19.83	1.66	86.74
19.84	1.66	86.85
19.85	1.66	86.96
19.86	1.66	87.08
19.87	1.66	87.19
19.88	1.67	87.28
19.89	1.67	87.38
19.90	1.67	87.47
19.91	1.67	87.58
19.92	1.67	87.68
19.93	1.67	87.77
19.94	1.67	87.89
19.95	1.67	88.01
19.96	1.67	88.11
19.97	1.67	88.20
19.98	1.67	88.32
19.99	1.67	88.43
20.00	1.68	88.51
20.01	1.68	88.62
20.02	1.68	88.72
20.03	1.68	88.81
20.04	1.68	88.92
20.05	1.68	89.03
20.06	1.68	89.10
20.07	1.68	89.19
20.08	1.68	89.29
20.09	1.68	89.38
20.10	1.68	89.50
20.11	1.68	89.60
20.12	1.69	89.70
20.13	1.69	89.82
20.14	1.69	89.93
20.15	1.69	90.02
20.16	1.69	90.13
20.17	1.69	90.22
20.18	1.69	90.33
20.19	1.69	90.41
20.20	1.69	90.50
20.21	1.69	90.59
20.22	1.69	90.69
20.23	1.69	90.80
20.24	1.70	90.90
20.25	1.70	90.99
20.26	1.70	91.09
20.27	1.70	91.18
20.28	1.70	91.30
20.29	1.70	91.43
20.30	1.70	91.53
20.31	1.70	91.62
20.32	1.70	91.71
20.33	1.70	91.80
20.34	1.70	91.91
20.35	1.70	91.99
20.36	1.71	92.07
20.37	1.71	92.18
20.38	1.71	92.27
20.39	1.71	92.37
20.40	1.71	92.49
20.41	1.71	92.60
20.42	1.71	92.69
20.43	1.71	92.80
20.44	1.71	92.89
20.45	1.71	92.98
20.46	1.71	93.10
20.47	1.71	93.18
20.48	1.72	93.28
20.49	1.72	93.37
20.50	1.72	93.48
20.51	1.72	93.58
20.52	1.72	93.64
20.53	1.72	93.74
20.54	1.72	93.85
20.55	1.72	93.94
20.56	1.72	94.06
20.57	1.72	94.15
20.58	1.72	94.24
20.59	1.72	94.33
20.60	1.73	94.43
20.61	1.73	94.51
20.62	1.73	94.58
20.63	1.73	94.69
20.64	1.73	94.80
20.65	1.73	94.89
20.66	1.73	94.96
20.67	1.73	95.04
20.68	1.73	95.13
20.69	1.73	95.22
20.70	1.73	95.33
20.71	1.73	95.42
20.72	1.74	95.52
20.73	1.74	95.63
20.74	1.74	95.73
20.75	1.74	95.81
20.76	1.74	95.90
20.77	1.74	95.99
20.78	1.74	96.08
20.79	1.74	96.17
20.80	1.74	96.25
20.81	1.74	96.35
20.82	1.74	96.44
20.83	1.74	96.50
20.84	1.75	96.61
20.85	1.75	96.71
20.86	1.75	96.78
20.87	1.75	96.88
20.88	1.75	96.96
20.89	1.75	97.07
20.90	1.75	97.18
20.91	1.75	97.29
20.92	1.75	97.37
20.93	1.75	97.43
20.94	1.75	97.53
20.95	1.75	97.63
20.96	1.76	97.72
20.97	1.76	97.80
20.98	1.76	97.89
20.99	1.76	97.98
21.00	1.76	98.07
21.01	1.76	98.14
21.02	1.76	98.22
21.03	1.76	98.31
21.04	1.76	98.42
21.05	1.76	98.53
21.06	1.76	98.60
21.07	1.76	98.67
21.08	1.77	98.77
21.09	1.77	98.85
21.10	1.77	98.92
21.11	1.77	99.02
21.12	1.77	99.12
21.13	1.77	99.19
21.14	1.77	99.27
21.15	1.77	99.39
21.16	1.77	99.48
21.17	1.77	99.54
21.18	1.77	99.61
21.19	1.77	99.71
21.20	1.78	99.81
21.21	1.78	99.89
21.22	1.78	99.97
21.23	1.78	100.04
21.24	1.78	100.16
21.25	1.78	100.24
21.26	1.78	100.31
21.27	1.78	100.39
21.28	1.78	100.47
21.29	1.78	100.56
21.30	1.78	100.63
21.31	1.78	100.71
21.32	1.79	100.79
21.33	1.79	100.87
21.34	1.79	100.94
21.35	1.79	101.04
21.36	1.79	101.11
21.37	1.79	101.17
21.38	1.79	101.27
21.39	1.79	101.40
21.40	1.79	101.49
21.41	1.79	101.53
21.42	1.79	101.60
21.43	1.79	101.71
21.44	1.80	101.79
21.45	1.80	101.86
21.46	1.80	101.93
21.47	1.80	102.01
21.48	1.80	102.10
21.49	1.80	102.21
21.50	1.80	102.27
21.51	1.80	102.35
21.52	1.80	102.47
21.53	1.80	102.55
21.54	1.80	102.61
21.55	1.80	102.70
21.56	1.81	102.78
21.57	1.81	102.86
21.58	1.81	102.92
21.59	1.81	102.99
21.60	1.81	103.07
21.61	1.81	103.14
21.62	1.81	103.23
21.63	1.81	103.30
21.64	1.81	103.37
21.65	1.81	103.47
21.66	1.81	103.56
21.67	1.81	103.63
21.68	1.82	103.70
21.69	1.82	103.78
21.70	1.82	103.86
21.71	1.82	103.93
21.72	1.82	104.00
21.73	1.82	104.08
21.74	1.82	104.16
21.75	1.82	104.22
21.76	1.82	104.28
21.77	1.82	104.35
21.78	1.82	104.44
21.79	1.82	104.54
21.80	1.83	104.63
21.81	1.83	104.70
21.82	1.83	104.78
21.83	1.83	104.85
21.84	1.83	104.92
21.85	1.83	105.01
21.86	1.83	105.05
21.87	1.83	105.12
21.88	1.83	105.20
21.89	1.83	105.25
21.90	1.83	105.33
21.91	1.83	105.41
21.92	1.84	105.49
21.93	1.84	105.57
21.94	1.84	105.63
21.95	1.84	105.71
21.96	1.84	105.79
21.97	1.84	105.86
21.98	1.84	105.93
21.99	1.84	106.01
22.00	1.84	106.09
22.01	1.84	106.18
22.02	1.84	106.25
22.03	1.84	106.31
22.04	1.85	106.39
22.05	1.85	106.46
22.06	1.85	106.51
22.07	1.85	106.59
22.08	1.85	106.65
22.09	1.85	106.71
22.10	1.85	106.79
22.11	1.85	106.87
22.12	1.85	106.95
22.13	1.85	107.00
22.14	1.85	107.07
22.15	1.85	107.17
22.16	1.86	107.23
22.17	1.86	107.28
22.18	1.86	107.36
22.19	1.86	107.44
22.20	1.86	107.50
22.21	1.86	107.56
22.22	1.86	107.64
22.23	1.86	107.72
22.24	1.86	107.77
22.25	1.86	107.82
22.26	1.86	107.91
22.27	1.86	108.00
22.28	1.87	108.07
22.29	1.87	108.14
22.30	1.87	108.22
22.31	1.87	108.29
22.32	1.87	108.35
22.33	1.87	108.39
22.34	1.87	108.45
22.35	1.87	108.51
22.36	1.87	108.58
22.37	1.87	108.63
22.38	1.87	108.68
22.39	1.87	108.76
22.40	1.88	108.85
22.41	1.88	108.91
22.42	1.88	108.98
22.43	1.88	109.03
22.44	1.88	109.10
22.45	1.88	109.16
22.46	1.88	109.21
22.47	1.88	109.29
22.48	1.88	109.37
22.49	1.88	109.41
22.50	1.88	109.48
22.51	1.88	109.55
22.52	1.89	109.60
22.53	1.89	109.67
22.54	1.89	109.72
22.55	1.89	109.76
22.56	1.89	109.83
22.57	1.89	109.92
22.58	1.89	109.99
22.59	1.89	110.04
22.60	1.89	110.13
22.61	1.89	110.20
22.62	1.89	110.27
22.63	1.89	110.35
22.64	1.90	110.38
22.65	1.90	110.42
22.66	1.90	110.48
22.67	1.90	110.54
22.68	1.90	110.59
22.69	1.90	110.67
22.70	1.90	110.76
22.71	1.90	110.80
22.72	1.90	110.85
22.73	1.90	110.93
22.74	1.90	110.98
22.75	1.90	111.05
22.76	1.91	111.14
22.77	1.91	111.19
22.78	1.91	111.22
22.79	1.91	111.30
22.80	1.91	111.34
22.81	1.91	111.42
22.82	1.91	111.49
22.83	1.91	111.50
22.84	1.91	111.56
22.85	1.91	111.62
22.86	1.91	111.68
22.87	1.91	111.74
22.88	1.92	111.79
22.89	1.92	111.85
22.90	1.92	111.96
22.91	1.92	112.02
22.92	1.92	112.04
22.93	1.92	112.09
22.94	1.92	112.15
22.95	1.92	112.21
22.96	1.92	112.26
22.97	1.92	112.32
22.98	1.92	112.39
22.99	1.92	112.41
23.00	1.93	112.44
23.01	1.93	112.49
23.02	1.93	112.56
23.03	1.93	112.63
23.04	1.93	112.69
23.05	1.93	112.77
23.06	1.93	112.84
23.07	1.93	112.87
23.08	1.93	112.91
23.09	1.93	112.96
23.10	1.93	113.02
23.11	1.93	113.06
23.12	1.94	113.13
23.13	1.94	113.20
23.14	1.94	113.23
23.15	1.94	113.28
23.16	1.94	113.35
23.17	1.94	113.42
23.18	1.94	113.46
23.19	1.94	113.50
23.20	1.94	113.55
23.21	1.94	113.63
23.22	1.94	113.69
23.23	1.94	113.72
23.24	1.95	113.79
23.25	1.95	113.85
23.26	1.95	113.88
23.27	1.95	113.94
23.28	1.95	113.98
23.29	1.95	114.04
23.30	1.95	114.11
23.31	1.95	114.15
23.32	1.95	114.19
23.33	1.95	114.25
23.34	1.95	114.30
23.35	1.95	114.35
23.36	1.96	114.41
23.37	1.96	114.47
23.38	1.96	114.51
23.39	1.96	114.57
23.40	1.96	114.62
23.41	1.96	114.66
23.42	1.96	114.71
23.43	1.96	114.76
23.44	1.96	114.81
23.45	1.96	114.86
23.46	1.96	114.89
23.47	1.96	114.92
23.48	1.97	114.96
23.49	1.97	115.03
23.50	1.97	115.09
23.51	1.97	115.13
23.52	1.97	115.17
23.53	1.97	115.21
23.54	1.97	115.24
23.55	1.97	115.29
23.56	1.97	115.35
23.57	1.97	115.41
23.58	1.97	115.45
23.59	1.97	115.50
23.60	1.98	115.54
23.61	1.98	115.57
23.62	1.98	115.61
23.63	1.98	115.67
23.64	1.98	115.70
23.65	1.98	115.75
23.66	1.98	115.81
23.67	1.98	115.84
23.68	1.98	115.91
23.69	1.98	115.96
23.70	1.98	116.00
23.71	1.98	116.03
23.72	1.99	116.06
23.73	1.99	116.12
23.74	1.99	116.17
23.75	1.99	116.22
23.76	1.99	116.27
23.77	1.99	116.30
23.78	1.99	116.32
23.79	1.99	116.37
23.80	1.99	116.42
23.81	1.99	116.46
23.82	1.99	116.53
23.83	1.99	116.60
23.84	2.00	116.63
23.85	2.00	116.65
23.86	2.00	116.69
23.87	2.00	116.74
23.88	2.00	116.80
23.89	2.00	116.85
23.90	2.00	116.87
23.91	2.00	116.91
23.92	2.00	116.95
23.93	2.00	117.00
23.94	2.00	117.03
23.95	2.00	117.07
23.96	2.01	117.13
23.97	2.01	117.16
23.98	2.01	117.22
23.99	2.01	117.28
24.00	2.01	117.33
24.01	2.01	117.36
24.02	2.01	117.39
24.03	2.01	117.42
24.04	2.01	117.47
24.05	2.01	117.51
24.06	2.01	117.53
24.07	2.01	117.58
24.08	2.02	117.60
24.09	2.02	117.62
24.10	2.02	117.66
24.11	2.02	117.73
24.12	2.02	117.76
24.13	2.02	117.79
24.14	2.02	117.85
24.15	2.02	117.88
24.16	2.02	117.92
24.17	2.02	117.93
24.18	2.02	117.96
24.19	2.02	118.02
24.20	2.03	118.05
24.21	2.03	118.10
24.22	2.03	118.13
24.23	2.03	118.16
24.24	2.03	118.21
24.25	2.03	118.22
24.26	2.03	118.24
24.27	2.03	118.30
24.28	2.03	118.33
24.29	2.03	118.34
24.30	2.03	118.37
24.31	2.03	118.45
24.32	2.04	118.49
24.33	2.04	118.52
24.34	2.04	118.56
24.35	2.04	118.56
24.36	2.04	118.59
24.37	2.04	118.66
24.38	2.04	118.71
24.39	2.04	118.72
24.40	2.04	118.72
24.41	2.04	118.72
24.42	2.04	118.79
24.43	2.04	118.82
24.44	2.05	118.83
24.45	2.05	118.87
24.46	2.05	118.93
24.47	2.05	118.96
24.48	2.05	118.97
24.49	2.05	119.02
24.50	2.05	119.07
24.51	2.05	119.08
24.52	2.05	119.10
24.53	2.05	119.13
24.54	2.05	119.15
24.55	2.05	119.17
24.56	2.06	119.20
24.57	2.06	119.27
24.58	2.06	119.33
24.59	2.06	119.34
24.60	2.06	119.36
24.61	2.06	119.40
24.62	2.06	119.44
24.63	2.06	119.48
24.64	2.06	119.48
24.65	2.06	119.52
24.66	2.06	119.57
24.67	2.06	119.58
24.68	2.07	119.59
24.69	2.07	119.61
24.70	2.07	119.66
24.71	2.07	119.69
24.72	2.07	119.70
24.73	2.07	119.74
24.74	2.07	119.78
24.75	2.07	119.82
24.76	2.07	119.82
24.77	2.07	119.86
24.78	2.07	119.90
24.79	2.07	119.91
24.80	2.08	119.93
24.81	2.08	119.96
24.82	2.08	119.98
24.83	2.08	120.00
24.84	2.08	120.02
24.85	2.08	120.06
24.86	2.08	120.10
24.87	2.08	120.12
24.88	2.08	120.16
24.89	2.08	120.18
24.90	2.08	120.20
24.91	2.08	120.24
24.92	2.09	120.27
24.93	2.09	120.31
24.94	2.09	120.35
24.95	2.09	120.37
24.96	2.09	120.37
24.97	2.09	120.39
24.98	2.09	120.42
24.99	2.09	120.43
25.00	2.09	120.47
25.01	2.09	120.51
25.02	2.09	120.51
25.03	2.09	120.54
25.04	2.10	120.58
25.05	2.10	120.62
25.06	2.10	120.65
25.07	2.10	120.66
25.08	2.10	120.70
25.09	2.10	120.75
25.10	2.10	120.79
25.11	2.10	120.80
25.12	2.10	120.82
25.13	2.10	120.83
25.14	2.10	120.84
25.15	2.10	120.89
25.16	2.11	120.92
25.17	2.11	120.93
25.18	2.11	120.94
25.19	2.11	120.98
25.20	2.11	120.99
25.21	2.11	121.03
25.22	2.11	121.08
25.23	2.11	121.08
25.24	2.11	121.13
25.25	2.11	121.16
25.26	2.11	121.17
25.27	2.11	121.19
25.28	2.12	121.22
25.29	2.12	121.23
25.30	2.12	121.25
25.31	2.12	121.27
25.32	2.12	121.28
25.33	2.12	121.28
25.34	2.12	121.33
25.35	2.12	121.39
25.36	2.12	121.40
25.37	2.12	121.42
25.38	2.12	121.44
25.39	2.12	121.46
25.40	2.13	121.49
25.41	2.13	121.50
25.42	2.13	121.51
25.43	2.13	121.55
25.44	2.13	121.59
25.45	2.13	121.60
25.46	2.13	121.60
25.47	2.13	121.63
25.48	2.13	121.65
25.49	2.13	121.66
25.50	2.13	121.70
25.51	2.13	121.72
25.52	2.14	121.74
25.53	2.14	121.77
25.54	2.14	121.79
25.55	2.14	121.84
25.56	2.14	121.88
25.57	2.14	121.88
25.58	2.14	121.87
25.59	2.14	121.90
25.60	2.14	121.94
25.61	2.14	121.97
25.62	2.14	121.96
25.63	2.14	121.96
25.64	2.15	122.02
25.65	2.15	122.07
25.66	2.15	122.08
25.67	2.15	122.10
25.68	2.15	122.12
25.69	2.15	122.13
25.70	2.15	122.16
25.71	2.15	122.20
25.72	2.15	122.21
25.73	2.15	122.21
25.74	2.15	122.24
25.75	2.15	122.25
25.76	2.16	122.25
25.77	2.16	122.27
25.78	2.16	122.29
25.79	2.16	122.31
25.80	2.16	122.33
25.81	2.16	122.36
25.82	2.16	122.38
25.83	2.16	122.41
25.84	2.16	122.44
25.85	2.16	122.43
25.86	2.16	122.46
25.87	2.16	122.49
25.88	2.17	122.49
25.89	2.17	122.50
25.90	2.17	122.53
25.91	2.17	122.54
25.92	2.17	122.55
25.93	2.17	122.57
25.94	2.17	122.59
25.95	2.17	122.62
25.96	2.17	122.63
25.97	2.17	122.65
25.98	2.17	122.68
25.99	2.17	122.70
26.00	2.18	122.71
26.01	2.18	122.73
26.02	2.18	122.76
26.03	2.18	122.78
26.04	2.18	122.79
26.05	2.18	122.79
26.06	2.18	122.80
26.07	2.18	122.83
26.08	2.18	122.87
26.09	2.18	122.89
26.10	2.18	122.88
26.11	2.18	122.90
26.12	2.19	122.93
26.13	2.19	122.97
26.14	2.19	123.00
26.15	2.19	123.01
26.16	2.19	123.06
26.17	2.19	123.08
26.18	2.19	123.10
26.19	2.19	123.11
26.20	2.19	123.13
26.21	2.19	123.16
26.22	2.19	123.16
26.23	2.19	123.16
26.24	2.20	123.17
26.25	2.20	123.20
26.26	2.20	123.22
26.27	2.20	123.24
26.28	2.20	123.28
26.29	2.20	123.30
26.30	2.20	123.31
26.31	2.20	123.34
26.32	2.20	123.37
26.33	2.20	123.38
26.34	2.20	123.37
26.35	2.20	123.39
26.36	2.21	123.40
26.37	2.21	123.42
26.38	2.21	123.44
26.39	2.21	123.46
26.40	2.21	123.47
26.41	2.21	123.49
26.42	2.21	123.50
26.43	2.21	123.51
26.44	2.21	123.53
26.45	2.21	123.54
26.46	2.21	123.59
26.47	2.21	123.59
26.48	2.22	123.62
26.49	2.22	123.63
26.50	2.22	123.62
26.51	2.22	123.66
26.52	2.22	123.67
26.53	2.22	123.68
26.54	2.22	123.69
26.55	2.22	123.71
26.56	2.22	123.71
26.57	2.22	123.72
26.58	2.22	123.77
26.59	2.22	123.78
26.60	2.23	123.80
26.61	2.23	123.82
26.62	2.23	123.82
26.63	2.23	123.86
26.64	2.23	123.89
26.65	2.23	123.87
26.66	2.23	123.88
26.67	2.23	123.89
26.68	2.23	123.92
26.69	2.23	123.93
26.70	2.23	123.93
26.71	2.23	123.95
26.72	2.24	123.98
26.73	2.24	124.00
26.74	2.24	124.00
26.75	2.24	124.03
26.76	2.24	124.06
26.77	2.24	124.06
26.78	2.24	124.10
26.79	2.24	124.14
26.80	2.24	124.15
26.81	2.24	124.14
26.82	2.24	124.15
26.83	2.24	124.17
26.84	2.25	124.16
26.85	2.25	124.16
26.86	2.25	124.19
26.87	2.25	124.20
26.88	2.25	124.23
26.89	2.25	124.28
26.90	2.25	124.30
26.91	2.25	124.28
26.92	2.25	124.29
26.93	2.25	124.33
26.94	2.25	124.35
26.95	2.25	124.34
26.96	2.26	124.36
26.97	2.26	124.37
26.98	2.26	124.36
26.99	2.26	124.36
27.00	2.26	124.38
27.01	2.26	124.40
27.02	2.26	124.40
27.03	2.26	124.42
27.04	2.26	124.42
27.05	2.26	124.41
27.06	2.26	124.41
27.07	2.26	124.45
27.08	2.27	124.48
27.09	2.27	124.49
27.10	2.27	124.50
27.11	2.27	124.50
27.12	2.27	124.52
27.13	2.27	124.53
27.14	2.27	124.55
27.15	2.27	124.56
27.16	2.27	124.54
27.17	2.27	124.56
27.18	2.27	124.60
27.19	2.27	124.61
27.20	2.28	124.62
27.21	2.28	124.63
27.22	2.28	124.64
27.23	2.28	124.66
27.24	2.28	124.67
27.25	2.28	124.70
27.26	2.28	124.72
27.27	2.28	124.72
27.28	2.28	124.71
27.29	2.28	124.72
27.30	2.28	124.74
27.31	2.28	124.75
27.32	2.29	124.74
27.33	2.29	124.74
27.34	2.29	124.76
27.35	2.29	124.79
27.36	2.29	124.79
27.37	2.29	124.80
27.38	2.29	124.84
27.39	2.29	124.84
27.40	2.29	124.85
27.41	2.29	124.87
27.42	2.29	124.89
27.43	2.29	124.89
27.44	2.30	124.88
27.45	2.30	124.88
27.46	2.30	124.88
27.47	2.30	124.90
27.48	2.30	124.89
27.49	2.30	124.92
27.50	2.30	124.94
27.51	2.30	124.94
27.52	2.30	124.96
27.53	2.30	124.96
27.54	2.30	124.99
27.55	2.30	125.00
27.56	2.31	124.99
27.57	2.31	124.98
27.58	2.31	124.99
27.59	2.31	125.01
27.60	2.31	125.00
27.61	2.31	124.99
27.62	2.31	124.99
27.63	2.31	124.99
27.64	2.31	124.98
27.65	2.31	124.99
27.66	2.31	125.02
27.67	2.31	125.01
27.68	2.32	125.03
27.69	2.32	125.06
27.70	2.32	125.01
27.71	2.32	125.01
27.72	2.32	125.04
27.73	2.32	125.07
27.74	2.32	125.06
27.75	2.32	125.03
27.76	2.32	125.01
27.77	2.32	125.01
27.78	2.32	125.04
27.79	2.32	125.04
27.80	2.33	125.02
27.81	2.33	125.01
27.82	2.33	125.01
27.83	2.33	125.02
27.84	2.33	125.02
27.85	2.33	125.02
27.86	2.33	125.01
27.87	2.33	124.98
27.88	2.33	124.98
27.89	2.33	124.95
27.90	2.33	124.92
27.91	2.33	124.86
27.92	2.34	124.69
27.93	2.34	62.95
27.94	2.34	5.22
