0.01	0.01	0.17
0.02	0.01	0.19
0.03	0.01	0.21
0.04	0.01	0.24
0.05	0.01	0.24
0.06	0.01	0.24
0.07	0.01	0.26
0.08	0.02	0.30
0.09	0.02	0.31
0.10	0.02	0.33
0.11	0.02	0.37
0.12	0.02	0.34
0.13	0.02	0.34
0.14	0.02	0.37
0.15	0.02	0.37
0.16	0.02	0.40
0.17	0.02	0.44
0.18	0.02	0.45
0.19	0.02	0.48
0.20	0.03	0.50
0.21	0.03	0.54
0.22	0.03	0.57
0.23	0.03	0.60
0.24	0.03	0.61
0.25	0.03	0.64
0.26	0.03	0.64
0.27	0.03	0.65
0.28	0.03	0.66
0.29	0.03	0.68
0.30	0.03	0.70
0.31	0.03	0.70
0.32	0.04	0.73
0.33	0.04	0.75
0.34	0.04	0.76
0.35	0.04	0.77
0.36	0.04	0.79
0.37	0.04	0.80
0.38	0.04	0.81
0.39	0.04	0.83
0.40	0.04	0.84
0.41	0.04	0.84
0.42	0.04	0.86
0.43	0.04	0.87
0.44	0.05	0.90
0.45	0.05	0.92
0.46	0.05	0.92
0.47	0.05	0.93
0.48	0.05	0.97
0.49	0.05	1.00
0.50	0.05	1.01
0.51	0.05	1.04
0.52	0.05	1.06
0.53	0.05	1.08
0.54	0.05	1.10
0.55	0.05	1.12
0.56	0.06	1.13
0.57	0.06	1.14
0.58	0.06	1.17
0.59	0.06	1.18
0.60	0.06	1.22
0.61	0.06	1.24
0.62	0.06	1.24
0.63	0.06	1.26
0.64	0.06	1.27
0.65	0.06	1.31
0.66	0.06	1.31
0.67	0.06	1.31
0.68	0.07	1.34
0.69	0.07	1.36
0.70	0.07	1.38
0.71	0.07	1.41
0.72	0.07	1.43
0.73	0.07	1.43
0.74	0.07	1.46
0.75	0.07	1.46
0.76	0.07	1.45
0.77	0.07	1.48
0.78	0.07	1.51
0.79	0.07	1.55
0.80	0.08	1.56
0.81	0.08	1.57
0.82	0.08	1.62
0.83	0.08	1.64
0.84	0.08	1.69
0.85	0.08	1.70
0.86	0.08	1.71
0.87	0.08	1.78
0.88	0.08	1.81
0.89	0.08	1.84
0.90	0.08	1.88
0.91	0.08	1.92
0.92	0.09	1.94
0.93	0.09	1.97
0.94	0.09	2.01
0.95	0.09	2.03
0.96	0.09	2.07
0.97	0.09	2.11
0.98	0.09	2.12
0.99	0.09	2.15
1.00	0.09	2.18
1.01	0.09	2.19
1.02	0.09	2.23
1.03	0.09	2.29
1.04	0.10	2.35
1.05	0.10	2.38
1.06	0.10	2.39
1.07	0.10	2.45
1.08	0.10	2.47
1.09	0.10	2.52
1.10	0.10	2.58
1.11	0.10	2.60
1.12	0.10	2.65
1.13	0.10	2.70
1.14	0.10	2.74
1.15	0.10	2.80
1.16	0.11	2.83
1.17	0.11	2.87
1.18	0.11	2.93
1.19	0.11	2.98
1.20	0.11	3.02
1.21	0.11	3.10
1.22	0.11	3.17
1.23	0.11	3.21
1.24	0.11	3.25
1.25	0.11	3.28
1.26	0.11	3.36
1.27	0.11	3.42
1.28	0.12	3.46
1.29	0.12	3.54
1.30	0.12	3.59
1.31	0.12	3.64
1.32	0.12	3.68
1.33	0.12	3.75
1.34	0.12	3.83
1.35	0.12	3.89
1.36	0.12	3.93
1.37	0.12	4.01
1.38	0.12	4.08
1.39	0.12	4.15
1.40	0.13	4.22
1.41	0.13	4.28
1.42	0.13	4.34
1.43	0.13	4.38
1.44	0.13	4.44
1.45	0.13	4.50
1.46	0.13	4.58
1.47	0.13	4.64
1.48	0.13	4.69
1.49	0.13	4.76
1.50	0.13	4.85
1.51	0.13	4.92
1.52	0.14	4.98
1.53	0.14	5.07
1.54	0.14	5.14
1.55	0.14	5.17
1.56	0.14	5.20
1.57	0.14	5.27
1.58	0.14	5.34
1.59	0.14	5.38
1.60	0.14	5.43
1.61	0.14	5.48
1.62	0.14	5.56
1.63	0.14	5.63
1.64	0.15	5.69
1.65	0.15	5.76
1.66	0.15	5.83
1.67	0.15	5.89
1.68	0.15	5.93
1.69	0.15	5.98
1.70	0.15	6.00
1.71	0.15	6.03
1.72	0.15	6.10
1.73	0.15	6.14
1.74	0.15	6.18
1.75	0.15	6.24
1.76	0.16	6.31
1.77	0.16	6.39
1.78	0.16	6.45
1.79	0.16	6.53
1.80	0.16	6.62
1.81	0.16	6.69
1.82	0.16	6.74
1.83	0.16	6.79
1.84	0.16	6.83
1.85	0.16	6.85
1.86	0.16	6.89
1.87	0.16	6.93
1.88	0.17	6.95
1.89	0.17	6.97
1.90	0.17	7.03
1.91	0.17	7.07
1.92	0.17	7.15
1.93	0.17	7.20
1.94	0.17	7.27
1.95	0.17	7.33
1.96	0.17	7.37
1.97	0.17	7.42
1.98	0.17	7.46
1.99	0.17	7.50
2.00	0.18	7.52
2.01	0.18	7.54
2.02	0.18	7.57
2.03	0.18	7.60
2.04	0.18	7.65
2.05	0.18	7.72
2.06	0.18	7.79
2.07	0.18	7.83
2.08	0.18	7.88
2.09	0.18	7.94
2.10	0.18	8.02
2.11	0.18	8.06
2.12	0.19	8.06
2.13	0.19	8.10
2.14	0.19	8.16
2.15	0.19	8.19
2.16	0.19	8.18
2.17	0.19	8.18
2.18	0.19	8.21
2.19	0.19	8.23
2.20	0.19	8.23
2.21	0.19	8.10
2.22	0.19	8.03
2.23	0.19	8.09
2.24	0.20	8.15
2.25	0.20	8.18
2.26	0.20	8.25
2.27	0.20	8.31
2.28	0.20	8.32
2.29	0.20	8.33
2.30	0.20	8.33
2.31	0.20	8.31
2.32	0.20	8.29
2.33	0.20	8.27
2.34	0.20	8.25
2.35	0.20	8.27
2.36	0.21	8.26
2.37	0.21	8.27
2.38	0.21	8.27
2.39	0.21	8.26
2.40	0.21	8.24
2.41	0.21	8.21
2.42	0.21	8.20
2.43	0.21	8.20
2.44	0.21	8.22
2.45	0.21	8.18
2.46	0.21	8.17
2.47	0.21	8.19
2.48	0.22	8.19
2.49	0.22	8.19
2.50	0.22	8.20
2.51	0.22	8.19
2.52	0.22	8.20
2.53	0.22	8.21
2.54	0.22	8.21
2.55	0.22	8.23
2.56	0.22	8.21
2.57	0.22	8.21
2.58	0.22	8.19
2.59	0.22	8.15
2.60	0.23	8.16
2.61	0.23	8.18
2.62	0.23	8.19
2.63	0.23	8.20
2.64	0.23	8.19
2.65	0.23	8.17
2.66	0.23	8.19
2.67	0.23	8.23
2.68	0.23	8.22
2.69	0.23	8.20
2.70	0.23	8.22
2.71	0.23	8.23
2.72	0.24	8.23
2.73	0.24	8.25
2.74	0.24	8.23
2.75	0.24	8.22
2.76	0.24	8.22
2.77	0.24	8.21
2.78	0.24	8.18
2.79	0.24	8.17
2.80	0.24	8.19
2.81	0.24	8.19
2.82	0.24	8.19
2.83	0.24	8.16
2.84	0.25	8.16
2.85	0.25	8.17
2.86	0.25	8.18
2.87	0.25	8.17
2.88	0.25	8.18
2.89	0.25	8.18
2.90	0.25	8.19
2.91	0.25	8.19
2.92	0.25	8.18
2.93	0.25	8.19
2.94	0.25	8.17
2.95	0.25	8.18
2.96	0.26	8.21
2.97	0.26	8.22
2.98	0.26	8.23
2.99	0.26	8.21
3.00	0.26	8.24
3.01	0.26	8.26
3.02	0.26	8.27
3.03	0.26	8.28
3.04	0.26	8.27
3.05	0.26	8.30
3.06	0.26	8.32
3.07	0.26	8.30
3.08	0.27	8.30
3.09	0.27	8.30
3.10	0.27	8.30
3.11	0.27	8.30
3.12	0.27	8.29
3.13	0.27	8.30
3.14	0.27	8.30
3.15	0.27	8.29
3.16	0.27	8.29
3.17	0.27	8.31
3.18	0.27	8.29
3.19	0.27	8.28
3.20	0.28	8.29
3.21	0.28	8.30
3.22	0.28	8.29
3.23	0.28	8.27
3.24	0.28	8.29
3.25	0.28	8.34
3.26	0.28	8.34
3.27	0.28	8.33
3.28	0.28	8.33
3.29	0.28	8.29
3.30	0.28	8.27
3.31	0.28	8.31
3.32	0.29	8.39
3.33	0.29	8.47
3.34	0.29	8.56
3.35	0.29	8.64
3.36	0.29	8.72
3.37	0.29	8.79
3.38	0.29	8.85
3.39	0.29	8.89
3.40	0.29	8.95
3.41	0.29	9.01
3.42	0.29	9.02
3.43	0.29	9.09
3.44	0.30	9.16
3.45	0.30	9.19
3.46	0.30	9.20
3.47	0.30	9.23
3.48	0.30	9.21
3.49	0.30	9.21
3.50	0.30	9.24
3.51	0.30	9.24
3.52	0.30	9.24
3.53	0.30	9.26
3.54	0.30	9.28
3.55	0.30	9.26
3.56	0.31	9.25
3.57	0.31	9.25
3.58	0.31	9.21
3.59	0.31	9.21
3.60	0.31	9.25
3.61	0.31	9.27
3.62	0.31	9.31
3.63	0.31	9.30
3.64	0.31	9.29
3.65	0.31	9.29
3.66	0.31	9.28
3.67	0.31	9.30
3.68	0.32	9.30
3.69	0.32	9.30
3.70	0.32	9.32
3.71	0.32	9.30
3.72	0.32	9.30
3.73	0.32	9.28
3.74	0.32	9.27
3.75	0.32	9.29
3.76	0.32	9.32
3.77	0.32	9.34
3.78	0.32	9.34
3.79	0.32	9.34
3.80	0.33	9.35
3.81	0.33	9.36
3.82	0.33	9.34
3.83	0.33	9.34
3.84	0.33	9.35
3.85	0.33	9.32
3.86	0.33	9.32
3.87	0.33	9.34
3.88	0.33	9.35
3.89	0.33	9.35
3.90	0.33	9.36
3.91	0.33	9.38
3.92	0.34	9.38
3.93	0.34	9.38
3.94	0.34	9.39
3.95	0.34	9.39
3.96	0.34	9.39
3.97	0.34	9.38
3.98	0.34	9.38
3.99	0.34	9.38
4.00	0.34	9.37
4.01	0.34	9.35
4.02	0.34	9.33
4.03	0.34	9.33
4.04	0.35	9.37
4.05	0.35	9.37
4.06	0.35	9.36
4.07	0.35	9.38
4.08	0.35	9.39
4.09	0.35	9.40
4.10	0.35	9.40
4.11	0.35	9.36
4.12	0.35	9.34
4.13	0.35	9.36
4.14	0.35	9.36
4.15	0.35	9.36
4.16	0.36	9.35
4.17	0.36	9.32
4.18	0.36	9.33
4.19	0.36	9.35
4.20	0.36	9.32
4.21	0.36	9.32
4.22	0.36	9.37
4.23	0.36	9.40
4.24	0.36	9.42
4.25	0.36	9.40
4.26	0.36	9.37
4.27	0.36	9.40
4.28	0.37	9.41
4.29	0.37	9.36
4.30	0.37	9.32
4.31	0.37	9.31
4.32	0.37	9.35
4.33	0.37	9.37
4.34	0.37	9.37
4.35	0.37	9.37
4.36	0.37	9.36
4.37	0.37	9.39
4.38	0.37	9.41
4.39	0.37	9.41
4.40	0.38	9.39
4.41	0.38	9.36
4.42	0.38	9.37
4.43	0.38	9.36
4.44	0.38	9.36
4.45	0.38	9.34
4.46	0.38	9.35
4.47	0.38	9.37
4.48	0.38	9.39
4.49	0.38	9.40
4.50	0.38	9.36
4.51	0.38	9.36
4.52	0.39	9.36
4.53	0.39	9.38
4.54	0.39	9.39
4.55	0.39	9.39
4.56	0.39	9.37
4.57	0.39	9.36
4.58	0.39	9.38
4.59	0.39	9.37
4.60	0.39	9.36
4.61	0.39	9.35
4.62	0.39	9.33
4.63	0.39	9.34
4.64	0.40	9.36
4.65	0.40	9.36
4.66	0.40	9.38
4.67	0.40	9.38
4.68	0.40	9.36
4.69	0.40	9.37
4.70	0.40	9.39
4.71	0.40	9.39
4.72	0.40	9.40
4.73	0.40	9.40
4.74	0.40	9.37
4.75	0.40	9.36
4.76	0.41	9.32
4.77	0.41	9.30
4.78	0.41	9.32
4.79	0.41	9.32
4.80	0.41	9.34
4.81	0.41	9.35
4.82	0.41	9.36
4.83	0.41	9.37
4.84	0.41	9.38
4.85	0.41	9.37
4.86	0.41	9.34
4.87	0.41	9.35
4.88	0.42	9.35
4.89	0.42	9.33
4.90	0.42	9.32
4.91	0.42	9.31
4.92	0.42	9.32
4.93	0.42	9.33
4.94	0.42	9.36
4.95	0.42	9.39
4.96	0.42	9.41
4.97	0.42	9.38
4.98	0.42	9.35
4.99	0.42	9.38
5.00	0.43	9.38
5.01	0.43	9.33
5.02	0.43	9.33
5.03	0.43	9.33
5.04	0.43	9.30
5.05	0.43	9.31
5.06	0.43	9.33
5.07	0.43	9.35
5.08	0.43	9.38
5.09	0.43	9.36
5.10	0.43	9.35
5.11	0.43	9.34
5.12	0.44	9.35
5.13	0.44	9.35
5.14	0.44	9.31
5.15	0.44	9.34
5.16	0.44	9.33
5.17	0.44	9.30
5.18	0.44	9.30
5.19	0.44	9.34
5.20	0.44	9.35
5.21	0.44	9.34
5.22	0.44	9.35
5.23	0.44	9.33
5.24	0.45	9.32
5.25	0.45	9.31
5.26	0.45	9.30
5.27	0.45	9.30
5.28	0.45	9.33
5.29	0.45	9.33
5.30	0.45	9.30
5.31	0.45	9.34
5.32	0.45	9.34
5.33	0.45	9.32
5.34	0.45	9.34
5.35	0.45	9.31
5.36	0.46	9.28
5.37	0.46	9.29
5.38	0.46	9.28
5.39	0.46	9.29
5.40	0.46	9.32
5.41	0.46	9.33
5.42	0.46	9.32
5.43	0.46	9.34
5.44	0.46	9.34
5.45	0.46	9.32
5.46	0.46	9.33
5.47	0.46	9.33
5.48	0.47	9.31
5.49	0.47	9.30
5.50	0.47	9.30
5.51	0.47	9.29
5.52	0.47	9.30
5.53	0.47	9.30
5.54	0.47	9.32
5.55	0.47	9.33
5.56	0.47	9.32
5.57	0.47	9.33
5.58	0.47	9.35
5.59	0.47	9.34
5.60	0.48	9.33
5.61	0.48	9.33
5.62	0.48	9.32
5.63	0.48	9.29
5.64	0.48	9.27
5.65	0.48	9.27
5.66	0.48	9.28
5.67	0.48	9.31
5.68	0.48	9.30
5.69	0.48	9.31
5.70	0.48	9.32
5.71	0.48	9.32
5.72	0.49	9.36
5.73	0.49	9.34
5.74	0.49	9.34
5.75	0.49	9.32
5.76	0.49	9.28
5.77	0.49	9.29
5.78	0.49	9.28
5.79	0.49	9.28
5.80	0.49	9.28
5.81	0.49	9.30
5.82	0.49	9.31
5.83	0.49	9.30
5.84	0.50	9.31
5.85	0.50	9.33
5.86	0.50	9.34
5.87	0.50	9.33
5.88	0.50	9.31
5.89	0.50	9.30
5.90	0.50	9.30
5.91	0.50	9.28
5.92	0.50	9.28
5.93	0.50	9.28
5.94	0.50	9.25
5.95	0.50	9.28
5.96	0.51	9.27
5.97	0.51	9.29
5.98	0.51	9.32
5.99	0.51	9.33
6.00	0.51	9.34
6.01	0.51	9.31
6.02	0.51	9.31
6.03	0.51	9.30
6.04	0.51	9.30
6.05	0.51	9.31
6.06	0.51	9.30
6.07	0.51	9.31
6.08	0.52	9.30
6.09	0.52	9.32
6.10	0.52	9.32
6.11	0.52	9.33
6.12	0.52	9.31
6.13	0.52	9.28
6.14	0.52	9.30
6.15	0.52	9.30
6.16	0.52	9.33
6.17	0.52	9.33
6.18	0.52	9.32
6.19	0.52	9.35
6.20	0.53	9.36
6.21	0.53	9.37
6.22	0.53	9.37
6.23	0.53	9.38
6.24	0.53	9.39
6.25	0.53	9.38
6.26	0.53	9.36
6.27	0.53	9.37
6.28	0.53	9.34
6.29	0.53	9.32
6.30	0.53	9.36
6.31	0.53	9.39
6.32	0.54	9.40
6.33	0.54	9.41
6.34	0.54	9.41
6.35	0.54	9.44
6.36	0.54	9.43
6.37	0.54	9.40
6.38	0.54	9.38
6.39	0.54	9.38
6.40	0.54	9.39
6.41	0.54	9.39
6.42	0.54	9.40
6.43	0.54	9.39
6.44	0.55	9.39
6.45	0.55	9.39
6.46	0.55	9.37
6.47	0.55	9.41
6.48	0.55	9.43
6.49	0.55	9.42
6.50	0.55	9.43
6.51	0.55	9.44
6.52	0.55	9.41
6.53	0.55	9.40
6.54	0.55	9.41
6.55	0.55	9.39
6.56	0.56	9.37
6.57	0.56	9.39
6.58	0.56	9.40
6.59	0.56	9.42
6.60	0.56	9.43
6.61	0.56	9.43
6.62	0.56	9.43
6.63	0.56	9.42
6.64	0.56	9.41
6.65	0.56	9.43
6.66	0.56	9.43
6.67	0.56	9.42
6.68	0.57	9.39
6.69	0.57	9.37
6.70	0.57	9.39
6.71	0.57	9.38
6.72	0.57	9.40
6.73	0.57	9.43
6.74	0.57	9.44
6.75	0.57	9.45
6.76	0.57	9.43
6.77	0.57	9.43
6.78	0.57	9.44
6.79	0.57	9.42
6.80	0.58	9.42
6.81	0.58	9.40
6.82	0.58	9.38
6.83	0.58	9.39
6.84	0.58	9.40
6.85	0.58	9.41
6.86	0.58	9.41
6.87	0.58	9.43
6.88	0.58	9.44
6.89	0.58	9.44
6.90	0.58	9.47
6.91	0.58	9.45
6.92	0.59	9.43
6.93	0.59	9.43
6.94	0.59	9.42
6.95	0.59	9.42
6.96	0.59	9.41
6.97	0.59	9.39
6.98	0.59	9.41
6.99	0.59	9.43
7.00	0.59	9.42
7.01	0.59	9.41
7.02	0.59	9.40
7.03	0.59	9.43
7.04	0.60	9.45
7.05	0.60	9.45
7.06	0.60	9.44
7.07	0.60	9.43
7.08	0.60	9.46
7.09	0.60	9.43
7.10	0.60	9.41
7.11	0.60	9.44
7.12	0.60	9.44
7.13	0.60	9.45
7.14	0.60	9.45
7.15	0.60	9.46
7.16	0.61	9.47
7.17	0.61	9.48
7.18	0.61	9.47
7.19	0.61	9.46
7.20	0.61	9.48
7.21	0.61	9.49
7.22	0.61	9.49
7.23	0.61	9.50
7.24	0.61	9.49
7.25	0.61	9.50
7.26	0.61	9.51
7.27	0.61	9.51
7.28	0.62	9.52
7.29	0.62	9.54
7.30	0.62	9.54
7.31	0.62	9.54
7.32	0.62	9.53
7.33	0.62	9.54
7.34	0.62	9.57
7.35	0.62	9.57
7.36	0.62	9.58
7.37	0.62	9.60
7.38	0.62	9.61
7.39	0.62	9.60
7.40	0.63	9.58
7.41	0.63	9.62
7.42	0.63	9.62
7.43	0.63	9.61
7.44	0.63	9.60
7.45	0.63	9.61
7.46	0.63	9.63
7.47	0.63	9.61
7.48	0.63	9.61
7.49	0.63	9.64
7.50	0.63	9.63
7.51	0.63	9.64
7.52	0.64	9.66
7.53	0.64	9.65
7.54	0.64	9.65
7.55	0.64	9.67
7.56	0.64	9.67
7.57	0.64	9.68
7.58	0.64	9.67
7.59	0.64	9.67
7.60	0.64	9.67
7.61	0.64	9.68
7.62	0.64	9.70
7.63	0.65	9.69
7.64	0.65	9.70
7.65	0.65	9.74
7.66	0.65	9.73
7.67	0.65	9.71
7.68	0.65	9.72
7.69	0.65	9.73
7.70	0.65	9.72
7.71	0.65	9.73
7.72	0.65	9.75
7.73	0.65	9.74
7.74	0.65	9.76
7.75	0.65	9.77
7.76	0.66	9.78
7.77	0.66	9.80
7.78	0.66	9.79
7.79	0.66	9.80
7.80	0.66	9.82
7.81	0.66	9.85
7.82	0.66	9.86
7.83	0.66	9.86
7.84	0.66	9.88
7.85	0.66	9.88
7.86	0.66	9.91
7.87	0.66	9.90
7.88	0.67	9.89
7.89	0.67	9.93
7.90	0.67	9.93
7.91	0.67	9.94
7.92	0.67	9.98
7.93	0.67	10.01
7.94	0.67	10.00
7.95	0.67	10.00
7.96	0.67	10.02
7.97	0.67	10.03
7.98	0.67	10.05
7.99	0.67	10.07
8.00	0.68	10.08
8.01	0.68	10.06
8.02	0.68	10.07
8.03	0.68	10.12
8.04	0.68	10.14
8.05	0.68	10.15
8.06	0.68	10.19
8.07	0.68	10.22
8.08	0.68	10.26
8.09	0.68	10.31
8.10	0.68	10.32
8.11	0.68	10.38
8.12	0.69	10.43
8.13	0.69	10.49
8.14	0.69	10.56
8.15	0.69	10.61
8.16	0.69	10.68
8.17	0.69	10.72
8.18	0.69	10.76
8.19	0.69	10.79
8.20	0.69	10.84
8.21	0.69	10.89
8.22	0.69	10.90
8.23	0.69	10.94
8.24	0.70	10.97
8.25	0.70	11.01
8.26	0.70	11.05
8.27	0.70	11.04
8.28	0.70	11.06
8.29	0.70	11.09
8.30	0.70	11.13
8.31	0.70	11.17
8.32	0.70	11.20
8.33	0.70	11.25
8.34	0.70	11.31
8.35	0.70	11.35
8.36	0.71	11.38
8.37	0.71	11.48
8.38	0.71	11.52
8.39	0.71	11.53
8.40	0.71	11.59
8.41	0.71	11.60
8.42	0.71	11.61
8.43	0.71	11.67
8.44	0.71	11.69
8.45	0.71	11.70
8.46	0.71	11.69
8.47	0.71	11.71
8.48	0.72	11.73
8.49	0.72	11.74
8.50	0.72	11.77
8.51	0.72	11.80
8.52	0.72	11.83
8.53	0.72	11.84
8.54	0.72	11.84
8.55	0.72	11.84
8.56	0.72	11.86
8.57	0.72	11.85
8.58	0.72	11.86
8.59	0.72	11.89
8.60	0.73	11.92
8.61	0.73	11.91
8.62	0.73	11.90
8.63	0.73	11.95
8.64	0.73	11.98
8.65	0.73	11.97
8.66	0.73	11.97
8.67	0.73	11.95
8.68	0.73	11.95
8.69	0.73	11.96
8.70	0.73	11.96
8.71	0.73	11.96
8.72	0.74	11.97
8.73	0.74	12.00
8.74	0.74	11.98
8.75	0.74	11.98
8.76	0.74	12.02
8.77	0.74	12.05
8.78	0.74	12.09
8.79	0.74	12.08
8.80	0.74	12.10
8.81	0.74	12.10
8.82	0.74	12.08
8.83	0.74	12.11
8.84	0.75	12.10
8.85	0.75	12.11
8.86	0.75	12.11
8.87	0.75	12.11
8.88	0.75	12.13
8.89	0.75	12.10
8.90	0.75	12.10
8.91	0.75	12.11
8.92	0.75	12.11
8.93	0.75	12.15
8.94	0.75	12.17
8.95	0.75	12.14
8.96	0.76	12.13
8.97	0.76	12.16
8.98	0.76	12.13
8.99	0.76	12.09
9.00	0.76	12.12
9.01	0.76	12.13
9.02	0.76	12.13
9.03	0.76	12.13
9.04	0.76	12.11
9.05	0.76	12.11
9.06	0.76	12.13
9.07	0.76	12.12
9.08	0.77	12.10
9.09	0.77	12.14
9.10	0.77	12.12
9.11	0.77	12.11
9.12	0.77	12.13
9.13	0.77	12.13
9.14	0.77	12.13
9.15	0.77	12.12
9.16	0.77	12.12
9.17	0.77	12.13
9.18	0.77	12.12
9.19	0.77	12.13
9.20	0.78	12.14
9.21	0.78	12.15
9.22	0.78	12.14
9.23	0.78	12.12
9.24	0.78	12.15
9.25	0.78	12.15
9.26	0.78	12.14
9.27	0.78	12.16
9.28	0.78	12.16
9.29	0.78	12.15
9.30	0.78	12.17
9.31	0.78	12.19
9.32	0.79	12.16
9.33	0.79	12.13
9.34	0.79	12.16
9.35	0.79	12.16
9.36	0.79	12.19
9.37	0.79	12.23
9.38	0.79	12.20
9.39	0.79	12.21
9.40	0.79	12.22
9.41	0.79	12.22
9.42	0.79	12.23
9.43	0.79	12.26
9.44	0.80	12.26
9.45	0.80	12.26
9.46	0.80	12.28
9.47	0.80	12.28
9.48	0.80	12.29
9.49	0.80	12.30
9.50	0.80	12.31
9.51	0.80	12.33
9.52	0.80	12.32
9.53	0.80	12.32
9.54	0.80	12.32
9.55	0.80	12.32
9.56	0.81	12.34
9.57	0.81	12.34
9.58	0.81	12.34
9.59	0.81	12.34
9.60	0.81	12.35
9.61	0.81	12.34
9.62	0.81	12.35
9.63	0.81	12.35
9.64	0.81	12.36
9.65	0.81	12.40
9.66	0.81	12.42
9.67	0.81	12.45
9.68	0.82	12.45
9.69	0.82	12.44
9.70	0.82	12.45
9.71	0.82	12.45
9.72	0.82	12.47
9.73	0.82	12.46
9.74	0.82	12.45
9.75	0.82	12.46
9.76	0.82	12.45
9.77	0.82	12.48
9.78	0.82	12.48
9.79	0.82	12.49
9.80	0.83	12.47
9.81	0.83	12.48
9.82	0.83	12.51
9.83	0.83	12.49
9.84	0.83	12.46
9.85	0.83	12.49
9.86	0.83	12.51
9.87	0.83	12.50
9.88	0.83	12.50
9.89	0.83	12.52
9.90	0.83	12.51
9.91	0.83	12.49
9.92	0.84	12.51
9.93	0.84	12.51
9.94	0.84	12.51
9.95	0.84	12.50
9.96	0.84	12.51
9.97	0.84	12.51
9.98	0.84	12.51
9.99	0.84	12.54
10.00	0.84	12.54
10.01	0.84	12.54
10.02	0.84	12.54
10.03	0.84	12.54
10.04	0.85	12.55
10.05	0.85	12.57
10.06	0.85	12.56
10.07	0.85	12.55
10.08	0.85	12.56
10.09	0.85	12.57
10.10	0.85	12.58
10.11	0.85	12.58
10.12	0.85	12.61
10.13	0.85	12.64
10.14	0.85	12.64
10.15	0.85	12.66
10.16	0.86	12.64
10.17	0.86	12.66
10.18	0.86	12.68
10.19	0.86	12.67
10.20	0.86	12.71
10.21	0.86	12.71
10.22	0.86	12.72
10.23	0.86	12.74
10.24	0.86	12.74
10.25	0.86	12.73
10.26	0.86	12.73
10.27	0.86	12.72
10.28	0.87	12.74
10.29	0.87	12.77
10.30	0.87	12.76
10.31	0.87	12.78
10.32	0.87	12.80
10.33	0.87	12.82
10.34	0.87	12.82
10.35	0.87	12.84
10.36	0.87	12.87
10.37	0.87	12.83
10.38	0.87	12.84
10.39	0.87	12.86
10.40	0.88	12.88
10.41	0.88	12.88
10.42	0.88	12.88
10.43	0.88	12.92
10.44	0.88	12.93
10.45	0.88	12.91
10.46	0.88	12.92
10.47	0.88	12.94
10.48	0.88	12.94
10.49	0.88	12.93
10.50	0.88	12.94
10.51	0.88	12.96
10.52	0.89	12.96
10.53	0.89	12.94
10.54	0.89	12.96
10.55	0.89	12.99
10.56	0.89	13.01
10.57	0.89	13.02
10.58	0.89	13.03
10.59	0.89	13.05
10.60	0.89	13.03
10.61	0.89	13.02
10.62	0.89	13.04
10.63	0.89	13.04
10.64	0.90	13.06
10.65	0.90	13.06
10.66	0.90	13.04
10.67	0.90	13.04
10.68	0.90	13.05
10.69	0.90	13.06
10.70	0.90	13.06
10.71	0.90	13.08
10.72	0.90	13.08
10.73	0.90	13.10
10.74	0.90	13.10
10.75	0.90	13.10
10.76	0.91	13.11
10.77	0.91	13.11
10.78	0.91	13.13
10.79	0.91	13.13
10.80	0.91	13.14
10.81	0.91	13.15
10.82	0.91	13.17
10.83	0.91	13.18
10.84	0.91	13.17
10.85	0.91	13.18
10.86	0.91	13.15
10.87	0.91	13.15
10.88	0.92	13.17
10.89	0.92	13.18
10.90	0.92	13.20
10.91	0.92	13.18
10.92	0.92	13.17
10.93	0.92	13.15
10.94	0.92	13.19
10.95	0.92	13.19
10.96	0.92	13.17
10.97	0.92	13.18
10.98	0.92	13.19
10.99	0.92	13.21
11.00	0.93	13.19
11.01	0.93	13.18
11.02	0.93	13.21
11.03	0.93	13.20
11.04	0.93	13.19
11.05	0.93	13.20
11.06	0.93	13.23
11.07	0.93	13.21
11.08	0.93	13.18
11.09	0.93	13.19
11.10	0.93	13.20
11.11	0.93	13.20
11.12	0.94	13.20
11.13	0.94	13.20
11.14	0.94	13.23
11.15	0.94	13.23
11.16	0.94	13.22
11.17	0.94	13.22
11.18	0.94	13.25
11.19	0.94	13.26
11.20	0.94	13.26
11.21	0.94	13.27
11.22	0.94	13.29
11.23	0.94	13.34
11.24	0.95	13.36
11.25	0.95	13.35
11.26	0.95	13.35
11.27	0.95	13.36
11.28	0.95	13.36
11.29	0.95	13.36
11.30	0.95	13.34
11.31	0.95	13.35
11.32	0.95	13.36
11.33	0.95	13.34
11.34	0.95	13.34
11.35	0.95	13.36
11.36	0.96	13.36
11.37	0.96	13.38
11.38	0.96	13.39
11.39	0.96	13.37
11.40	0.96	13.37
11.41	0.96	13.39
11.42	0.96	13.42
11.43	0.96	13.42
11.44	0.96	13.42
11.45	0.96	13.43
11.46	0.96	13.44
11.47	0.96	13.45
11.48	0.97	13.50
11.49	0.97	13.54
11.50	0.97	13.53
11.51	0.97	13.56
11.52	0.97	13.58
11.53	0.97	13.60
11.54	0.97	13.63
11.55	0.97	13.68
11.56	0.97	13.71
11.57	0.97	13.75
11.58	0.97	13.80
11.59	0.97	13.78
11.60	0.98	13.80
11.61	0.98	13.82
11.62	0.98	13.84
11.63	0.98	13.89
11.64	0.98	13.89
11.65	0.98	13.89
11.66	0.98	13.90
11.67	0.98	13.92
11.68	0.98	13.93
11.69	0.98	13.95
11.70	0.98	13.96
11.71	0.98	14.01
11.72	0.99	14.07
11.73	0.99	14.11
11.74	0.99	14.15
11.75	0.99	14.21
11.76	0.99	14.26
11.77	0.99	14.29
11.78	0.99	14.34
11.79	0.99	14.37
11.80	0.99	14.41
11.81	0.99	14.46
11.82	0.99	14.52
11.83	0.99	14.59
11.84	1.00	14.64
11.85	1.00	14.69
11.86	1.00	14.76
11.87	1.00	14.80
11.88	1.00	14.84
11.89	1.00	14.87
11.90	1.00	14.92
11.91	1.00	14.95
11.92	1.00	14.98
11.93	1.00	15.05
11.94	1.00	15.13
11.95	1.00	15.20
11.96	1.01	15.27
11.97	1.01	15.37
11.98	1.01	15.45
11.99	1.01	15.52
12.00	1.01	15.57
12.01	1.01	15.59
12.02	1.01	15.68
12.03	1.01	15.76
12.04	1.01	15.80
12.05	1.01	15.85
12.06	1.01	15.92
12.07	1.01	15.99
12.08	1.02	16.07
12.09	1.02	16.15
12.10	1.02	16.21
12.11	1.02	16.29
12.12	1.02	16.34
12.13	1.02	16.37
12.14	1.02	16.43
12.15	1.02	16.50
12.16	1.02	16.57
12.17	1.02	16.65
12.18	1.02	16.72
12.19	1.02	16.80
12.20	1.03	16.89
12.21	1.03	16.98
12.22	1.03	17.04
12.23	1.03	17.11
12.24	1.03	17.19
12.25	1.03	17.26
12.26	1.03	17.35
12.27	1.03	17.44
12.28	1.03	17.51
12.29	1.03	17.59
12.30	1.03	17.69
12.31	1.03	17.79
12.32	1.04	17.87
12.33	1.04	17.94
12.34	1.04	18.02
12.35	1.04	18.10
12.36	1.04	18.15
12.37	1.04	18.23
12.38	1.04	18.31
12.39	1.04	18.40
12.40	1.04	18.48
12.41	1.04	18.54
12.42	1.04	18.61
12.43	1.04	18.70
12.44	1.05	18.79
12.45	1.05	18.87
12.46	1.05	18.95
12.47	1.05	19.03
12.48	1.05	19.11
12.49	1.05	19.17
12.50	1.05	19.26
12.51	1.05	19.33
12.52	1.05	19.41
12.53	1.05	19.49
12.54	1.05	19.56
12.55	1.05	19.64
12.56	1.06	19.70
12.57	1.06	19.79
12.58	1.06	19.87
12.59	1.06	19.96
12.60	1.06	20.01
12.61	1.06	20.10
12.62	1.06	20.20
12.63	1.06	20.29
12.64	1.06	20.39
12.65	1.06	20.46
12.66	1.06	20.53
12.67	1.06	20.60
12.68	1.07	20.68
12.69	1.07	20.79
12.70	1.07	20.88
12.71	1.07	20.96
12.72	1.07	21.04
12.73	1.07	21.15
12.74	1.07	21.24
12.75	1.07	21.32
12.76	1.07	21.43
12.77	1.07	21.51
12.78	1.07	21.60
12.79	1.07	21.70
12.80	1.08	21.80
12.81	1.08	21.88
12.82	1.08	21.98
12.83	1.08	22.06
12.84	1.08	22.16
12.85	1.08	22.25
12.86	1.08	22.33
12.87	1.08	22.42
12.88	1.08	22.51
12.89	1.08	22.61
12.90	1.08	22.70
12.91	1.08	22.79
12.92	1.09	22.87
12.93	1.09	22.98
12.94	1.09	23.09
12.95	1.09	23.16
12.96	1.09	23.23
12.97	1.09	23.34
12.98	1.09	23.43
12.99	1.09	23.50
13.00	1.09	23.61
13.01	1.09	23.69
13.02	1.09	23.77
13.03	1.09	23.86
13.04	1.10	23.95
13.05	1.10	24.08
13.06	1.10	24.17
13.07	1.10	24.23
13.08	1.10	24.32
13.09	1.10	24.41
13.10	1.10	24.50
13.11	1.10	24.58
13.12	1.10	24.66
13.13	1.10	24.77
13.14	1.10	24.85
13.15	1.10	24.94
13.16	1.11	25.03
13.17	1.11	25.11
13.18	1.11	25.20
13.19	1.11	25.29
13.20	1.11	25.40
13.21	1.11	25.49
13.22	1.11	25.56
13.23	1.11	25.64
13.24	1.11	25.74
13.25	1.11	25.84
13.26	1.11	25.91
13.27	1.11	26.01
13.28	1.12	26.13
13.29	1.12	26.19
13.30	1.12	26.28
13.31	1.12	26.38
13.32	1.12	26.47
13.33	1.12	26.56
13.34	1.12	26.64
13.35	1.12	26.74
13.36	1.12	26.83
13.37	1.12	26.92
13.38	1.12	27.03
13.39	1.12	27.10
13.40	1.13	27.18
13.41	1.13	27.29
13.42	1.13	27.37
13.43	1.13	27.45
13.44	1.13	27.55
13.45	1.13	27.64
13.46	1.13	27.72
13.47	1.13	27.81
13.48	1.13	27.89
13.49	1.13	27.99
13.50	1.13	28.11
13.51	1.13	28.19
13.52	1.14	28.26
13.53	1.14	28.37
13.54	1.14	28.45
13.55	1.14	28.54
13.56	1.14	28.64
13.57	1.14	28.72
13.58	1.14	28.81
13.59	1.14	28.88
13.60	1.14	28.97
13.61	1.14	29.05
13.62	1.14	29.13
13.63	1.14	29.23
13.64	1.15	29.30
13.65	1.15	29.37
13.66	1.15	29.49
13.67	1.15	29.61
13.68	1.15	29.68
13.69	1.15	29.78
13.70	1.15	29.86
13.71	1.15	29.91
13.72	1.15	30.00
13.73	1.15	30.11
13.74	1.15	30.19
13.75	1.15	30.26
13.76	1.16	30.33
13.77	1.16	30.42
13.78	1.16	30.52
13.79	1.16	30.61
13.80	1.16	30.69
13.81	1.16	30.78
13.82	1.16	30.88
13.83	1.16	30.96
13.84	1.16	31.04
13.85	1.16	31.13
13.86	1.16	31.22
13.87	1.16	31.30
13.88	1.17	31.40
13.89	1.17	31.49
13.90	1.17	31.55
13.91	1.17	31.64
13.92	1.17	31.73
13.93	1.17	31.81
13.94	1.17	31.89
13.95	1.17	31.98
13.96	1.17	32.07
13.97	1.17	32.16
13.98	1.17	32.26
13.99	1.17	32.35
14.00	1.18	24.40
14.01	1.18	8.96
